40.3804	3098.51
45.02	3127.04
49.653	3432.85
54.2816	4586.06
58.9057	5619.11
63.5254	6248.98
68.1428	5865.69
72.7558	5209.99
77.3623	4614.39
81.9644	4193.35
86.5642	3710.86
91.1596	3251.05
95.7506	2982.66
100.337	2602.76
104.917	2255.6
109.495	1772.38
114.069	1485.84
118.636	1340.69
123.203	1220.7
127.763	1084.75
132.319	902.743
136.869	826.171
141.418	758.151
145.959	616.792
150.5	427.976
155.034	275.33
159.564	289.92
164.09	268.464
168.612	176.975
173.131	44.1204
177.644	-35.9779
182.152	-15.4874
186.654	49.6126
191.156	38.0288
195.652	-15.5756
200.143	-70.4674
204.632	-14.0142
209.113	-11.0773
213.592	-67.4541
218.066	-105.067
222.536	-84.7765
227.004	-81.2387
231.463	-128.916
235.922	-99.2923
240.375	-13.0898
244.824	54.421
249.267	19.4523
253.707	-78.6782
258.143	-175.235
262.575	-211.801
267.003	-121.024
271.424	-122.389
275.843	-129.095
280.256	-205.027
284.667	-156.357
289.074	-127.725
293.474	-151.813
297.87	-206.539
302.262	-275.28
306.65	-292.035
311.036	-273.443
315.416	-227.579
319.789	-197.757
324.16	-191.916
328.529	-170.735
332.89	-160.292
337.249	-199.212
341.602	-200.733
345.954	-170.916
350.298	-89.8926
354.639	-84.191
358.975	-120.51
363.307	-142.799
367.635	-159.123
371.958	-148.15
376.278	-180.51
380.594	-165.538
384.905	-96.5666
389.213	-32.9886
393.512	0.550747
397.811	-47.9182
402.104	-124.394
406.393	-162.17
410.68	-121.913
414.959	-90.5094
419.236	-62.3859
423.507	-124.918
427.775	-78.1379
432.038	-82.0458
436.299	-60.0046
440.553	-60.3934
444.802	-6.96043
449.049	58.3182
453.291	106.584
457.528	128.849
461.762	106.401
465.991	81.9828
470.215	25.5615
474.438	35.1095
478.652	13.3156
482.865	48.8529
487.071	72.371
491.273	93.1801
495.474	80.6548
499.667	98.8228
503.857	111.614
508.044	144.396
512.227	108.498
516.403	89.2433
520.576	44.6741
524.745	56.0931
528.91	16.1229
533.071	-9.86062
537.224	-57.115
541.377	-41.0947
545.522	-37.0858
549.667	-56.4433
553.804	-45.7677
557.938	-19.1119
562.067	-39.1855
566.195	-35.234
570.316	-39.5662
574.432	24.1323
578.544	-8.00611
582.654	-48.3508
586.758	-100.657
590.858	-98.9823
594.953	-101.977
599.043	-75.6446
603.13	-61.9842
607.215	-42.3236
611.292	-3.31754
615.365	-9.01401
619.436	-25.4077
623.499	-69.0389
627.561	-25.3654
631.619	44.2891
635.673	45.1978
639.719	-10.4675
643.763	-60.8023
647.801	-41.8295
651.838	13.8244
655.869	13.4326
659.896	14.3869
663.917	10.7073
667.937	57.6899
671.95	75.2893
675.958	38.9035
679.964	11.8628
683.963	20.1566
687.961	16.4121
691.952	28.0583
695.941	19.7011
699.924	77.2925
703.904	103.576
707.88	161.866
711.85	158.102
715.816	167.032
719.777	150.647
723.738	188.264
727.689	228.51
731.64	212.087
735.586	211.014
739.526	191.307
743.462	189.527
747.393	171.788
751.32	144.72
755.245	172.313
759.165	249.271
763.079	303.476
766.989	310.358
770.897	289.279
774.798	309.539
778.695	354.422
782.591	383.331
786.479	356.208
790.363	381.12
794.244	401.371
798.121	493.602
801.992	558.486
805.859	571.339
809.724	554.875
813.582	508.451
817.437	481.32
821.288	502.904
825.134	565.8
828.976	628.638
832.816	621.471
836.649	659.759
840.476	706.598
844.302	838.825
848.122	892.348
851.938	943.839
855.751	942.709
859.558	1018.28
863.362	1109.81
867.16	1159.27
870.955	1109.44
874.746	1020.29
878.533	900.429
882.315	870.017
886.092	857.543
889.865	883.679
893.634	773.83
897.4	722.685
901.16	644.206
904.915	635.702
908.668	619.899
912.416	644.719
916.161	670.197
919.899	673.698
923.635	708.542
927.365	705.999
931.091	648.117
934.814	540.923
938.531	435.095
942.245	392.588
945.954	339.404
949.659	316.202
953.36	309.714
957.056	361.192
960.749	423.322
964.436	440.601
968.12	455.05
971.8	457.285
975.475	440.425
979.147	380.225
982.813	310.503
986.475	238.269
990.133	181.013
993.788	178.837
997.437	206.985
1001.08	250.255
1004.72	252.915
1008.36	233.921
1011.99	210.164
1015.62	206.957
1019.25	234.294
1022.86	252.25
1026.48	267.489
1030.09	279.1
1033.7	316.637
1037.3	382.967
1040.9	470.531
1044.49	531.466
1048.08	612.396
1051.67	713.814
1055.25	947.318
1058.83	1155.57
1062.4	1229.34
1065.97	1071.21
1067.25	987.281
1071.1	813.1
1074.95	695.74
1078.8	675.756
1082.64	677.76
1086.48	659
1090.32	604.312
1094.15	528.974
1097.98	549.623
1101.8	557.588
1105.62	584.87
1109.44	582.844
1113.25	555.449
1117.06	575.426
1120.87	650.797
1124.67	759.375
1128.47	670.589
1132.26	427.795
1136.06	253.174
1139.84	237.19
1143.63	251.726
1147.41	170.313
1151.18	72.2831
1154.95	32.9064
1158.72	2.82613
1162.49	3.45125
1166.25	41.4296
1170.01	88.6545
1173.76	49.8804
1177.51	18.5
1181.26	11.1287
1185	37.69
1188.74	30.9474
1192.47	3.5408
1196.21	12.7967
1199.93	8.05198
1203.66	60.6593
1207.38	87.895
1211.09	118.452
1214.81	102.368
1218.52	92.9417
1222.22	126.211
1225.92	166.755
1229.62	282.069
1233.32	345.257
1237.01	395.121
1240.69	377.025
1244.38	446.295
1248.06	528.209
1251.73	647.399
1255.4	760.624
1259.07	918.608
1262.73	1046.38
1266.4	1050.22
1270.05	968.127
1273.71	891.345
1277.35	828.563
1281	831.115
1284.64	879.039
1288.28	1192.33
1291.92	1561.63
1295.55	1783.95
1299.17	1617.7
1302.8	1265.56
1306.42	958.813
1310.03	756.673
1313.64	602.581
1317.25	471.729
1320.86	368.979
1324.46	295.487
1328.06	209.993
1331.65	156.539
1335.24	115.064
1338.82	114.917
1342.41	112.772
1345.98	110.603
1349.56	94.4449
1353.13	86.9623
1356.7	120.16
1360.26	151.975
1363.82	189.146
1367.38	182.973
1370.93	173.462
1374.48	135.285
1378.02	81.1103
1381.56	77.6297
1385.1	96.8191
1388.63	143.272
1392.16	117.068
1395.69	137.59
1399.21	138.752
1402.73	202.547
1406.24	227.726
1409.75	293.527
1413.26	355.323
1416.76	430.482
1420.27	581.015
1423.76	849.575
1427.25	1317.27
1430.74	1840.61
1434.23	2205.53
1437.71	2257.86
1441.18	2043.68
1444.66	1826.06
1448.13	1730.64
1451.59	1708.43
1455.06	1692.88
1458.52	1544.57
1461.97	1343.09
1465.42	1046.76
1468.87	795.285
1472.31	577.081
1475.75	411.494
1479.19	295.995
1482.62	238.456
1486.05	194.877
1489.47	153.976
1492.89	93.7564
1496.31	78.1875
1499.72	61.9663
1503.13	73.0621
1506.54	62.1512
1509.94	25.873
1513.34	22.3337
1516.73	49.4738
1520.12	61.1648
1523.51	65.5866
1526.89	32.6782
1530.28	36.4057
1533.65	12.1663
1537.02	17.9179
1540.39	18.3208
1543.76	10.0477
1547.12	-12.8789
1550.47	-0.460263
1553.83	-23.4101
1557.18	-22.3499
1560.52	-49.925
1563.87	-40.8793
1567.2	-64.4817
1570.54	-77.4227
1573.87	-59.0141
1577.2	-37.9659
1580.52	-44.927
1583.84	-48.5293
1587.16	-55.4817
1590.47	-35.7761
1593.78	-40.7232
1597.08	-27.0109
1600.38	-43.3064
1603.68	-38.2677
1606.97	-51.2303
1610.26	-52.8844
1613.55	-44.4873
1616.83	-38.1084
1620.11	-11.0977
1623.38	-5.39001
1626.65	32.9741
1629.92	67.3369
1633.18	77.6733
1636.44	114.721
1639.7	183.756
1642.95	352.128
1646.2	561.211
1649.44	821.515
1652.69	1043.88
1655.92	1170.13
1659.16	1088.33
1662.39	856.76
1665.61	556.963
1668.83	320.789
1672.05	165.069
1675.27	80.8025
1678.48	39.8029
1681.68	7.47081
1684.89	6.48407
1688.09	-1.20415
1691.28	8.44577
1694.48	-13.8952
1697.66	6.43864
1700.85	-2.58771
1704.03	5.72158
1707.21	-42.6413
1710.38	-36.9782
1713.55	-33.3054
1716.72	0.311271
1719.88	37.9732
1723.04	72.9492
1726.19	145.232
1729.34	232.923
1732.49	292.511
1735.63	295.449
1738.77	273.756
1741.91	239.369
1745.04	241.003
1748.17	185.284
1751.29	150.897
1754.41	90.7895
1757.53	53.2054
1760.64	39.7321
1763.75	26.3718
1766.86	21.0811
1769.96	-2.88895
1773.06	0.129285
1776.15	-0.832349
1779.25	13.3972
1782.33	-0.380858
1785.42	9.36065
1788.5	-6.28239
1791.57	-0.0570311
1794.64	-6.51183
1797.71	-12.2055
1800.78	-16.506
1803.84	-27.7674
1806.89	-13.7325
1809.95	-17.9037
1813	-20.0782
1816.04	-32.2157
1819.09	-37.7579
1822.12	-40.4387
1825.16	-30.4307
1828.19	-12.7169
1831.22	3.21044
1834.24	14.7998
1837.26	-0.231173
1840.28	-35.7749
1840.48	-35.7841
1843.78	-4.33831
1847.08	12.8732
1850.38	14.0984
1853.67	34.6479
1856.96	33.8504
1860.24	31.0545
1863.52	22.9446
1866.8	29.4818
1870.08	39.3603
1873.35	33.8927
1876.62	47.0989
1879.89	52.3058
1883.15	61.4897
1886.41	55.3547
1889.66	43.2146
1892.92	37.7396
1896.17	5.59054
1899.41	20.7979
1902.65	12.6578
1905.89	18.4804
1909.13	5.68198
1912.36	16.2067
1915.59	30.0344
1918.82	32.5541
1922.04	43.7441
1925.26	68.2394
1928.48	65.4037
1931.69	70.5809
1934.9	71.086
1938.11	87.582
1941.31	79.4105
1944.51	58.5573
1947.71	57.7395
1950.9	36.2265
1954.09	44.7161
1957.28	41.228
1960.46	57.6974
1963.64	59.5122
1966.82	46.6628
1969.99	59.1496
1973.16	82.3158
1976.33	98.1038
1979.49	99.9084
1982.66	104.397
1985.81	94.854
1988.97	79.3069
1992.12	73.8093
1995.27	124.304
1998.41	139.397
2001.55	113.139
2004.69	68.9839
2007.82	51.4448
2010.95	60.5695
2014.08	52.3605
2017.21	46.8039
2020.33	44.6001
2023.44	52.3816
2026.56	62.1556
2029.67	43.9288
2032.78	38.3827
2035.88	42.1658
2038.98	24.5838
2042.08	6.35517
2045.18	-7.8446
2048.27	1.90693
2051.35	15.6769
2054.44	28.7959
2057.52	53.203
2060.6	23.6209
2063.67	2.70195
2066.74	-4.84589
2069.81	30.9067
2072.88	17.2953
2075.94	12.3988
2079	1.50687
2082.05	41.906
2085.1	69.6461
2088.15	107.406
2091.19	100.457
2094.24	76.174
2097.27	52.6064
2100.31	69.6844
2103.34	75.4049
2106.37	86.4718
2109.39	86.8733
2112.42	107.934
2115.44	118.998
2118.45	116.714
2121.46	117.103
2124.47	116.168
2127.48	128.549
2130.48	118.25
2133.48	123.312
2136.47	125.701
2139.46	122.725
2142.45	117.774
2145.43	108.821
2148.42	112.517
2151.4	105.561
2154.37	96.5992
2157.34	74.9605
2160.31	47.9798
2163.28	35.0305
2166.24	48.7269
2169.2	55.7451
2172.15	82.1119
2175.1	99.8015
2178.05	104.795
2181	93.8271
2183.94	86.8527
2186.88	95.193
2189.81	84.2018
2192.75	49.2019
2195.68	37.5568
2198.6	27.2366
2201.52	59.5789
2204.44	73.2511
2207.36	100.249
2210.27	97.2382
2213.18	63.5542
2216.08	68.5814
2218.98	79.5791
2221.88	117.884
2224.78	98.8672
2227.67	87.1888
2230.56	106.864
2233.44	106.501
2236.32	120.132
2239.2	89.1312
2242.08	84.7609
2244.95	85.7624
2247.82	134.105
2250.68	137.702
2253.55	140.629
2256.4	115.646
2259.26	131.939
2262.11	122.227
2264.96	119.207
2267.81	116.832
2270.65	114.441
2273.49	83.4112
2276.32	74.3682
2279.15	90.0058
2281.98	115.615
2284.81	103.879
2287.63	67.4836
2290.45	32.4493
2293.26	41.4061
2296.08	45.6831
2298.88	75.9531
2301.69	81.5555
2304.49	97.152
2307.29	78.0779
2310.08	94.3616
2312.88	89.9626
2315.66	90.2041
2318.45	70.481
2321.23	66.073
2324.01	63.6553
2326.79	69.2598
2329.56	63.5034
2332.32	91.0914
2335.09	83.3418
2337.85	92.2361
2340.61	79.8325
2343.36	63.403
2346.12	38.283
2348.86	19.8884
2351.61	17.4654
2354.35	9.67995
2357.09	3.92893
2359.83	-2.49591
2362.56	6.39203
2365.29	-2.71646
2368.01	32.216
2370.73	51.749
2373.45	77.2917
2376.17	41.4925
2378.88	27.7254
2381.59	29.302
2384.29	28.164
2386.99	43.0415
2389.69	-6.76154
2392.38	6.13009
2395.08	-38.9927
2397.76	-4.12243
2400.45	-15.2308
2403.13	-0.39042
2405.81	-0.840325
2408.48	24.6993
2411.15	33.543
2413.82	22.374
2416.49	7.26937
2419.15	21.4624
2421.81	28.9723
2424.46	17.8199
2427.11	16.9671
2429.76	28.0105
2432.41	21.663
2435.05	17.0047
2437.69	32.5341
2440.32	43.6518
2442.95	54.1484
2445.58	34.1039
2448.21	50.5545
2450.83	39.7772
2453.45	36.3398
2456.06	23.4945
2458.67	21.9412
2461.28	23.5765
2463.88	28.1329
2466.49	14.9312
2469.08	24.3598
2471.68	43.4484
2474.27	60.2433
2476.86	57.0065
2479.44	38.4824
2482.02	33.1816
2484.6	4.46017
2487.17	5.26826
2489.75	18.7831
2492.31	41.5607
2494.88	35.6402
2497.44	18.5911
2500	20.389
2502.24	19.6909
2505.08	11.1387
2507.92	6.02983
2510.76	-7.75317
2513.59	-9.5539
2516.42	-1.99476
2519.25	-11.7922
2522.07	-7.5891
2524.89	-25.3712
2527.71	-16.5029
2530.53	-36.9702
2533.34	-33.4261
2536.15	-17.8825
2538.95	21.6402
2541.76	35.1664
2544.56	21.3547
2547.36	18.2153
2550.15	-8.50126
2552.94	-7.32013
2555.73	-4.21393
2558.52	16.318
2561.3	18.8509
2564.08	16.7406
2566.86	22.6224
2569.63	49.1528
2572.41	31.669
2575.17	55.5453
2577.94	64.0854
2580.7	81.9035
2583.46	61.0978
2586.22	68.3024
2588.97	112.828
2591.72	128.636
2594.47	138.477
2597.22	100.965
2599.96	106.808
2602.7	101.992
2605.43	127.798
2608.17	134.282
2610.9	154.122
2613.62	163.921
2616.35	182.391
2619.07	167.526
2621.79	164.665
2624.5	152.466
2627.22	135.588
2629.93	140.061
2632.63	122.511
2635.33	143.629
2638.04	144.763
2640.73	162.521
2643.43	181.131
2646.12	151.201
2648.81	141.44
2651.49	129.722
2654.18	159.943
2656.86	187.498
2659.53	205.076
2662.21	198.61
2664.88	173.478
2667.54	133.723
2670.21	159.966
2672.87	153.483
2675.53	207.034
2678.19	216.589
2680.84	257.425
2683.49	242.29
2686.14	239.16
2688.78	241.348
2691.42	264.209
2694.06	281.72
2696.7	325.249
2699.33	361.435
2701.96	401.595
2704.58	429.085
2707.21	475.269
2709.83	526.79
2712.44	594.254
2715.06	628.396
2717.67	629.859
2720.28	643.371
2722.88	664.86
2725.49	690.307
2728.09	687.113
2730.68	671.924
2733.28	636.044
2735.87	567.462
2738.45	488.282
2741.04	429.059
2743.62	403.203
2746.2	402.666
2748.78	390.078
2751.35	349.511
2753.92	307.633
2756.48	291.071
2759.05	287.16
2761.61	271.918
2764.16	279.352
2766.72	289.433
2769.27	297.502
2771.82	302.926
2774.36	291.662
2776.91	309.741
2779.45	294.473
2781.98	317.2
2784.52	333.28
2787.05	353.987
2789.58	375.373
2792.1	397.45
2794.62	422.808
2797.14	432.175
2799.66	433.566
2802.17	453.583
2804.68	482.966
2807.19	494.986
2809.69	535.026
2812.19	551.031
2814.69	592.384
2817.18	647.776
2819.67	734.438
2822.16	874.452
2824.65	1035.2
2827.13	1245.81
2829.61	1466.52
2832.09	1707.83
2834.56	2078.61
2837.03	2666.63
2839.5	3689.4
2841.96	5000.48
2844.43	6274.21
2846.88	6979
2849.34	7052.78
2851.79	6667.3
2854.24	6205.92
2856.69	5828.79
2859.13	5613.36
2861.57	5483.33
2864.01	5412.65
2866.44	5435.99
2868.87	5651.25
2871.3	6054.86
2873.73	6537.9
2876.15	7075.86
2878.57	7506.51
2880.99	7758.23
2883.4	7720.76
2885.81	7467.2
2888.22	7127.05
2890.62	6819.05
2893.02	6603.75
2895.42	6457.57
2897.82	6320.82
2900.21	6177.38
2902.6	6009.99
2904.99	5858.47
2907.37	5699.71
2909.75	5564.27
2912.13	5398.11
2914.5	5312.72
2916.87	5225.91
2919.24	5194.45
2921.6	5114.32
2923.97	5110.85
2926.32	5095.39
2928.68	5109.9
2931.04	5081.72
2933.38	5072.92
2935.73	5003.4
2938.07	4911.21
2940.42	4620.25
2942.75	4261.45
2945.09	3837.91
2947.42	3517.08
2949.75	3247.71
2952.08	3101.48
2954.4	3016.69
2956.72	2993.14
2959.03	2926.96
2961.35	2838.74
2963.66	2693.15
2965.97	2517.6
2968.27	2312.76
2970.57	2111.16
2972.87	1927.69
2975.17	1798.13
2977.46	1670.58
2979.75	1573.67
2982.04	1456.12
2984.32	1370.56
2986.6	1251.63
2988.88	1153.42
2991.15	1048.49
2993.42	959.589
2995.69	895.354
2997.96	879.792
3000.22	944.242
3002.48	1046.01
3004.73	1181.95
3006.99	1307.32
3009.24	1412.95
3011.48	1493.86
3013.73	1475.55
3015.97	1389.54
3018.21	1194.05
3020.44	993.442
3022.67	809.331
3024.9	690.472
3027.13	590.388
3029.35	481.638
3031.57	419.904
3033.79	369.74
3036	349.705
3038.21	315.55
3040.42	301.844
3042.63	291.268
3044.83	261.961
3047.03	252.656
3049.22	242.117
3051.41	242.95
3053.6	238.988
3055.79	234.432
3057.97	224.495
3060.15	214.575
3062.33	210.88
3064.5	204.554
3066.68	173.257
3068.42	137.603
3070.87	113.137
3073.33	116.698
3075.78	126.234
3078.23	108.447
3080.67	91.3279
3083.11	87.5423
3085.55	104.426
3087.99	98.613
3090.43	102.805
3092.86	89.0118
3095.29	95.2004
3097.72	89.3897
3100.14	62.2318
3102.56	54.4208
3104.98	49.95
3107.4	52.7809
3109.81	53.6206
3112.22	47.1327
3114.63	26.6004
3117.03	34.7974
3119.44	26.3051
3121.84	57.7747
3124.23	30.5956
3126.63	13.3972
3129.02	28.9152
3131.41	55.0821
3133.8	86.5178
3136.18	49.311
3138.56	30.7828
3140.94	33.5986
3143.32	50.3918
3145.69	45.1715
3148.06	30.6387
3150.43	37.4365
3152.8	7.57707
3155.16	-18.1685
3157.52	-37.835
3159.88	-2.8508
3162.23	28.7755
3164.58	46.4037
3166.93	40.692
3169.28	47.6666
3171.62	28.6123
3173.96	29.5695
3176.3	7.85873
3178.64	24.1465
3180.97	35.7533
3183.3	46.0211
3185.63	25.6005
3187.95	-7.44695
3190.28	-13.8299
3192.59	9.74262
3194.91	21.3273
3197.23	32.261
3199.54	12.5118
3201.84	12.0878
3204.15	-4.99671
3206.45	-10.7609
3208.76	-8.52682
3211.05	13.0586
3213.35	5.93359
3215.64	3.46618
3217.93	-17.6058
3220.22	19.9435
3222.5	11.4775
3224.78	-2.32862
3227.06	-41.4249
3229.34	-15.8717
3231.61	-5.6759
3233.88	6.49857
3236.15	4.04798
3238.42	-11.1061
3240.68	-32.9253
3242.94	-49.381
3245.2	1.48779
3247.45	72.9927
3249.7	104.471
3251.95	70.6124
3254.2	8.14583
3256.44	2.33046
3258.68	-12.8559
3260.92	5.95887
3263.15	-21.2111
3265.39	-4.39442
3267.62	5.76929
3269.84	1.22806
3272.07	-9.98137
3274.29	-29.8234
3276.51	-3.01534
3278.73	0.436853
3280.94	-10.7636
3283.15	-39.9944
3285.36	-60.5282
3287.56	-26.3772
3289.77	9.70619
3291.97	40.4668
3294.16	49.2506
3296.36	17.3487
3298.55	20.103
3300.74	-4.44607
3302.92	16.9741
3305.11	-6.27009
3307.29	-10.2121
3309.47	-18.7708
3311.64	-12.6997
3313.81	-7.28722
3315.99	-45.904
3318.15	-27.8087
3320.32	-31.0777
3322.48	-24.3853
3324.64	-16.2774
3326.79	-28.2422
3328.94	-20.8808
3331.1	-37.4695
3333.24	-14.0785
3335.39	17.2746
3337.53	2.62797
3339.67	-8.67306
3341.81	-28.6294
3343.94	-16.6049
3346.07	-33.2553
3348.2	-41.9025
3350.33	-15.1916
3352.45	0.146115
3354.57	22.7928
3356.69	0.815603
3358.8	-29.1911
3360.92	-74.5824
3363.02	-79.8521
3365.13	-58.5086
3367.24	-1.868
3369.34	16.1358
3371.43	27.4181
3373.53	-1.29341
3375.62	-23.9639
3377.71	-40.6598
3379.8	-46.6982
3381.88	-61.3934
3383.97	-24.0543
3386.05	15.8932
3388.12	34.4729
3390.2	20.4149
3392.27	-15.6365
3394.33	2.98635
3396.4	10.9361
3398.46	40.1932
