40.3804	18140
45.02	18202
49.653	25621.9
54.2816	35535.9
58.9057	52819.8
63.5254	62787.8
68.1428	61897.7
72.7558	60283.7
77.3623	59373.6
81.9644	59551.6
86.5642	55909.5
91.1596	50851.5
95.7506	50987.4
100.337	54185.4
104.917	54397.3
109.495	48449.3
114.069	42415.3
118.636	39409.2
123.203	38733.2
127.763	38599.1
132.319	38743.1
136.869	37517
141.418	35527
145.959	33928.9
150.5	32570.9
155.034	31566.8
159.564	30848.8
164.09	29566.7
168.612	27650.7
173.131	26148.6
177.644	24942.6
182.152	23986.6
186.654	23788.5
191.156	23504.5
195.652	23454.4
200.143	23574.4
204.632	23428.3
209.113	23156.3
213.592	22654.2
218.066	22394.2
222.536	21622.1
227.004	21506.1
231.463	21764
235.922	21696
240.375	21865.9
244.824	21431.9
249.267	21253.9
253.707	21509.8
258.143	20757.8
262.575	20529.7
267.003	19977.7
271.424	19803.6
275.843	20041.6
280.256	19955.5
284.667	20049.5
289.074	20211.4
293.474	20151.4
297.87	20339.3
302.262	20359.3
306.65	20031.3
311.036	20063.2
315.416	20159.2
319.789	20359.1
324.16	20185.1
328.529	20223
332.89	19927
337.249	19782.9
341.602	19506.9
345.954	19558.8
350.298	20540.8
354.639	22176.7
358.975	21242.7
363.307	20080.6
367.635	19716.6
371.958	19574.6
376.278	19444.5
380.594	19232.5
384.905	19236.4
389.213	19006.4
393.512	18748.3
397.811	19136.3
402.104	19042.2
406.393	18634.2
410.68	18566.1
414.959	18736.1
419.236	18474
423.507	18496
427.775	18615.9
432.038	18843.9
436.299	19157.9
440.553	19067.8
444.802	18635.8
449.049	18353.7
453.291	18303.7
457.528	18207.6
461.762	17997.6
465.991	18289.5
470.215	17763.5
474.438	17911.4
478.652	17829.4
482.865	17697.3
487.071	17827.3
491.273	17859.2
495.474	17973.2
499.667	18199.2
503.857	18401.1
508.044	18097.1
512.227	17625
516.403	17175
520.576	16902.9
524.745	17174.9
528.91	17082.8
533.071	16724.8
537.224	16362.7
541.377	16342.7
545.522	15948.6
549.667	15898.6
553.804	15962.5
557.938	16078.5
562.067	16030.5
566.195	15728.4
570.316	15368.4
574.432	15364.3
578.544	15412.3
582.654	15342.2
586.758	15366.2
590.858	15440.1
594.953	15510.1
599.043	15134
603.13	15196
607.215	15015.9
611.292	15167.9
615.365	15183.8
619.436	15367.8
623.499	15421.8
627.561	15681.7
631.619	15623.7
635.673	15591.6
639.719	15693.6
643.763	15689.5
647.801	15493.5
651.838	15247.4
655.869	15301.4
659.896	15505.3
663.917	16397.3
667.937	17597.2
671.95	17157.2
675.958	15755.1
679.964	15365.1
683.963	15893.1
687.961	16093
691.952	15387
695.941	15066.9
699.924	14978.9
703.904	14898.8
707.88	14874.8
711.85	14804.7
715.816	15110.7
719.777	15604.6
723.738	15682.6
727.689	15536.5
731.64	15382.5
735.586	15490.4
739.526	15420.4
743.462	15548.4
747.393	15576.3
751.32	15678.3
755.245	15616.2
759.165	15394.2
763.079	15680.1
766.989	16180.1
770.897	16098
774.798	15710
778.695	15573.9
782.591	15419.9
786.479	15649.8
790.363	16017.8
794.244	16627.7
798.121	16655.7
801.992	16149.7
805.859	16067.6
809.724	15901.6
813.582	16239.5
817.437	16857.5
821.288	18013.4
825.134	17173.4
828.976	16591.3
832.816	16339.3
836.649	16483.2
840.476	16845.2
844.302	16957.1
848.122	16977.1
851.938	17077
855.751	17691
859.558	17341
863.362	17322.9
867.16	18656.9
870.955	19810.8
874.746	19288.8
878.533	18752.7
882.315	19780.7
886.092	22084.6
889.865	22366.6
893.634	20072.5
897.4	19300.5
901.16	19514.4
904.915	18546.4
908.668	18028.3
912.416	17942.3
916.161	17128.3
919.899	16526.2
923.635	16410.2
927.365	16104.1
931.091	15996.1
934.814	15932
938.531	16048
942.245	16269.9
945.954	16761.9
949.659	17175.8
953.36	17093.8
957.056	16977.7
960.749	17015.7
964.436	17059.6
968.12	17364.6
971.8	17603.3
975.475	17238.7
979.147	16665.3
982.813	16328.6
986.475	16517.9
990.133	16480.1
993.788	16611.7
997.437	16703.7
1001.08	17098.5
1004.72	16999.5
1008.36	16930
1011.99	16899.9
1015.62	16971.3
1019.25	17187.5
1022.86	18068
1026.48	18735.1
1030.09	19112.6
1033.7	19567.7
1037.3	19801.6
1040.9	20088.9
1044.49	20182.7
1048.08	20444.4
1051.67	22331.5
1055.25	30341.8
1058.83	46887.6
1062.4	48300.2
1065.97	34001.3
1067.25	27323.5
1071.1	20042.1
1074.95	19620.7
1078.8	19749.3
1082.64	20349.9
1086.48	23006.5
1090.32	23203.1
1094.15	20143.6
1097.98	18664.2
1101.8	18928.8
1105.62	21833.4
1109.44	26184
1113.25	25418.6
1117.06	22013.2
1120.87	25555.8
1124.67	38822.3
1128.47	48002.9
1132.26	33577.5
1136.06	20938.1
1139.84	18054.7
1143.63	17717.3
1147.41	16619.9
1151.18	15268.4
1154.95	14903
1158.72	15109.6
1162.49	15000.2
1166.25	15396.8
1170.01	16701.4
1173.76	17912
1177.51	16068.6
1181.26	14903.1
1185	14753.7
1188.74	14556.3
1192.47	14488.9
1196.21	14493.5
1199.93	14486.1
1203.66	14492.7
1207.38	14627.2
1211.09	14683.8
1214.81	15108.4
1218.52	15781
1222.22	15745.6
1225.92	15404.2
1229.62	15530.8
1233.32	16203.3
1237.01	16723.9
1240.69	16494.5
1244.38	16631.1
1248.06	16585.7
1251.73	16828.3
1255.4	17700.9
1259.07	19321.5
1262.73	20946
1266.4	21952.6
1270.05	21489.2
1273.71	21581.8
1277.35	21776.4
1281	23615
1284.64	25453.6
1288.28	32072.2
1291.92	57576.7
1295.55	58617.3
1299.17	33725.9
1302.8	24696.5
1306.42	21457.1
1310.03	20123.7
1313.64	19220.3
1317.25	17706.8
1320.86	16945.4
1324.46	16376
1328.06	16100.6
1331.65	16391.2
1335.24	16411.8
1338.82	16008.4
1342.41	15228.9
1345.98	14855.5
1349.56	14842.1
1353.13	14728.7
1356.7	15047.3
1360.26	15787.9
1363.82	17378.5
1367.38	18763.1
1370.93	18047.6
1374.48	15796.2
1378.02	14598.8
1381.56	13961.4
1385.1	13596
1388.63	13740.6
1392.16	13685.2
1395.69	13711.7
1399.21	13654.3
1402.73	13866.9
1406.24	14299.5
1409.75	15626.1
1413.26	18304.7
1416.76	20087.3
1420.27	21357.9
1423.76	26124.4
1427.25	31149
1430.74	33769.6
1434.23	42300.2
1437.71	56358.8
1441.18	54129.4
1444.66	42208
1448.13	36600.6
1451.59	35805.1
1455.06	37541.7
1458.52	39560.3
1461.97	38046.9
1465.42	34059.5
1468.87	30034.1
1472.31	26452.7
1475.75	21463.2
1479.19	17783.8
1482.62	15812.4
1486.05	15013
1489.47	14717.6
1492.89	14260.2
1496.31	14200.8
1499.72	13809.3
1503.13	13539.9
1506.54	13316.5
1509.94	13105.1
1513.34	12977.7
1516.73	12934.3
1520.12	12930.9
1523.51	12843.5
1526.89	12882
1530.28	12980.6
1533.65	12853.2
1537.02	12865.8
1540.39	12852.4
1543.76	12929
1547.12	12829.6
1550.47	12770.1
1553.83	12576.7
1557.18	12439.3
1560.52	12337.9
1563.87	12272.5
1567.2	12325.1
1570.54	12241.7
1573.87	12158.3
1577.2	12078.8
1580.52	11965.4
1583.84	11928
1587.16	11768.6
1590.47	11819.2
1593.78	11947.8
1597.08	11900.4
1600.38	12034.9
1603.68	11907.5
1606.97	12396.1
1610.26	12800.7
1613.55	13471.3
1616.83	13789.9
1620.11	13588.5
1623.38	13095.1
1626.65	12773.6
1629.92	12814.2
1633.18	12590.8
1636.44	13147.4
1639.7	14176
1642.95	16960.6
1646.2	18679.2
1649.44	16161.7
1652.69	14200.3
1655.92	13696.9
1659.16	14331.5
1662.39	16392.1
1665.61	19312.7
1668.83	19461.3
1672.05	18399.9
1675.27	17986.4
1678.48	15929
1681.68	13275.6
1684.89	11948.2
1688.09	11468.8
1691.28	11179.4
1694.48	10972
1697.66	10942.5
1700.85	10899.1
1704.03	10731.7
1707.21	10836.3
1710.38	10846.9
1713.55	10855.5
1716.72	10844.1
1719.88	10764.7
1723.04	10571.2
1726.19	10733.8
1729.34	10728.4
1732.49	10675
1735.63	10795.6
1738.77	10858.2
1741.91	10842.8
1745.04	10807.3
1748.17	10601.9
1751.29	10700.5
1754.41	10883.1
1757.53	10814.2
1760.64	10663.6
1763.75	10757.2
1766.86	10816.5
1769.96	10707.9
1773.06	10795.5
1776.15	10633.3
1779.25	10559.7
1782.33	10569.7
1785.42	10560.7
1788.5	10449.6
1791.57	10502.5
1794.64	10512.8
1797.71	10439.2
1800.78	10416.2
1803.84	10376.8
1806.89	10370.5
1809.95	10361.5
1813	10235.6
1816.04	10237.3
1819.09	10290.2
1822.12	10255.3
1825.16	10262.5
1828.19	10194.8
1831.22	10195.4
1834.24	10333.4
1837.26	10174.7
1840.28	10281.8
1840.48	10288
1843.78	10317
1847.08	10208.1
1850.38	10273.2
1853.67	10370.2
1856.96	10361.3
1860.24	10408.3
1863.52	10387.4
1866.8	10424.4
1870.08	10337.5
1873.35	10390.5
1876.62	10365.6
1879.89	10254.7
1883.15	10233.7
1886.41	10294.8
1889.66	10359.8
1892.92	10212.9
1896.17	10217.9
1899.41	10127
1902.65	10160
1905.89	10247.1
1909.13	10192.1
1912.36	9983.2
1915.59	10006.3
1918.82	10037.3
1922.04	10048.4
1925.26	10085.4
1928.48	10112.5
1931.69	10129.5
1934.9	10052.6
1938.11	10015.6
1941.31	9978.69
1944.51	9983.75
1947.71	9996.8
1950.9	9955.86
1954.09	9950.91
1957.28	10170
1960.46	10247
1963.64	10122.1
1966.82	10131.1
1969.99	10218.2
1973.16	10097.2
1976.33	10228.3
1979.49	10183.4
1982.66	10216.4
1985.81	10445.5
1988.97	10270.5
1992.12	10265.6
1995.27	10348.6
1998.41	10155.7
2001.55	10238.7
2004.69	10217.8
2007.82	10128.8
2010.95	10077.9
2014.08	10081
2017.21	10046
2020.33	10009.1
2023.44	10062.1
2026.56	9949.18
2029.67	9874.23
2032.78	9651.29
2035.88	9960.34
2038.98	9601.39
2042.08	9688.45
2045.18	9775.5
2048.27	9504.56
2051.35	9683.61
2054.44	9778.67
2057.52	9573.72
2060.6	9570.78
2063.67	9551.83
2066.74	9610.89
2069.81	9611.94
2072.88	9729
2075.94	9636.05
2079	9737.11
2082.05	9776.16
2085.1	9687.22
2088.15	9766.27
2091.19	9825.33
2094.24	9892.38
2097.27	9909.44
2100.31	9886.49
2103.34	9937.55
2106.37	9844.6
2109.39	10033.7
2112.42	10268.7
2115.44	10121.8
2118.45	10190.8
2121.46	10209.9
2124.47	10108.9
2127.48	9981.98
2130.48	9901.04
2133.48	9932.09
2136.47	9943.15
2139.46	9830.2
2142.45	9829.26
2145.43	9800.31
2148.42	9743.37
2151.4	9656.42
2154.37	9667.48
2157.34	9686.53
2160.31	9577.59
2163.28	9540.64
2166.24	9783.7
2169.2	9772.75
2172.15	9795.81
2175.1	10190.9
2178.05	10343.9
2181	10569
2183.94	10652
2186.88	10369.1
2189.81	10070.1
2192.75	9935.19
2195.68	9826.25
2198.6	9463.3
2201.52	9628.36
2204.44	9557.41
2207.36	9380.47
2210.27	9645.52
2213.18	9542.57
2216.08	9437.63
2218.98	9638.68
2221.88	9567.74
2224.78	9660.8
2227.67	9529.85
2230.56	9752.9
2233.44	9631.96
2236.32	9669.01
2239.2	9690.07
2242.08	9603.13
2244.95	9670.18
2247.82	9503.23
2250.68	9708.29
2253.55	9729.34
2256.4	9604.4
2259.26	9617.45
2262.11	9554.51
2264.96	9597.56
2267.81	9416.62
2270.65	9525.67
2273.49	9370.73
2276.32	9493.78
2279.15	9406.84
2281.98	9297.89
2284.81	9368.95
2287.63	9334
2290.45	9227.06
2293.26	9158.11
2296.08	9285.17
2298.88	9152.22
2301.69	9273.28
2304.49	9194.33
2307.29	9123.39
2310.08	9010.44
2312.88	9057.5
2315.66	9048.55
2318.45	8915.61
2321.23	8996.66
2324.01	8765.71
2326.79	8854.77
2329.56	8749.82
2332.32	8870.88
2335.09	8873.93
2337.85	8890.99
2340.61	8864.04
2343.36	8949.1
2346.12	8746.15
2348.86	8711.21
2351.61	8744.26
2354.35	8725.32
2357.09	8842.37
2359.83	8805.43
2362.56	8742.48
2365.29	8667.54
2368.01	8738.59
2370.73	8691.65
2373.45	8656.7
2376.17	8725.76
2378.88	8788.81
2381.59	8683.87
2384.29	8708.92
2386.99	8553.98
2389.69	8629.03
2392.38	8680.09
2395.08	8635.14
2397.76	8686.2
2400.45	8807.25
2403.13	8674.3
2405.81	8527.36
2408.48	8782.42
2411.15	8677.47
2413.82	8730.52
2416.49	8709.58
2419.15	8908.63
2421.81	9079.69
2424.46	9062.74
2427.11	9071.8
2429.76	9046.34
2432.41	9020.1
2435.05	8876.27
2437.69	8838.55
2440.32	8837.59
2442.95	8793.99
2445.58	8671.45
2448.21	8634.13
2450.83	8631.58
2453.45	8600.73
2456.06	8651.08
2458.67	8472.64
2461.28	8627.34
2463.88	8474.34
2466.49	8479.2
2469.08	8551.89
2471.68	8522.53
2474.27	8640.02
2476.86	8576.15
2479.44	8499.04
2482.02	8523.17
2484.6	8556.17
2487.17	8522.76
2489.75	8479.91
2492.31	8468.37
2494.88	8505.84
2497.44	8447.89
2500	8398.77
2502.24	8444.61
2505.08	8432.34
2507.92	8354.06
2510.76	8265.78
2513.59	8477.5
2516.42	8235.23
2519.25	8164.95
2522.07	8368.67
2524.89	8264.4
2527.71	8312.12
2530.53	8461.84
2533.34	8375.57
2536.15	8491.29
2538.95	8533.01
2541.76	8672.73
2544.56	8474.46
2547.36	8588.18
2550.15	8551.9
2552.94	8575.63
2555.73	8569.35
2558.52	8553.07
2561.3	8702.79
2564.08	8910.52
2566.86	8956.24
2569.63	8977.96
2572.41	9093.69
2575.17	9217.41
2577.94	9423.13
2580.7	9622.86
2583.46	10106.6
2586.22	10488.3
2588.97	10420
2591.72	10385.7
2594.47	10475.5
2597.22	10355.2
2599.96	10334.9
2602.7	10448.6
2605.43	10440.4
2608.17	10456.1
2610.9	10449.8
2613.62	10553.5
2616.35	10307.3
2619.07	10247
2621.79	10248.7
2624.5	10228.4
2627.22	10202.1
2629.93	10215.9
2632.63	10251.6
2635.33	10381.3
2638.04	10737
2640.73	10686.8
2643.43	10948.5
2646.12	11126.4
2648.81	11160.3
2651.49	11284.3
2654.18	11404.2
2656.86	11328.1
2659.53	11294.1
2662.21	11092
2664.88	10813.9
2667.54	10935.8
2670.21	11013.8
2672.87	11201.7
2675.53	11159.6
2678.19	11189.5
2680.84	11547.5
2683.49	11641.4
2686.14	11649.3
2688.78	11959.3
2691.42	12413.2
2694.06	12839.1
2696.7	13741
2699.33	14329
2701.96	15164.9
2704.58	15990.8
2707.21	17038.8
2709.83	17816.7
2712.44	18960.6
2715.06	19890.5
2717.67	20906.5
2720.28	21652.4
2722.88	22018.3
2725.49	21894.2
2728.09	21098.2
2730.68	19668.1
2733.28	17834
2735.87	16234
2738.45	15071.9
2741.04	14031.8
2743.62	13453.7
2746.2	13083.7
2748.78	12673.6
2751.35	12575.5
2753.92	12191.5
2756.48	12035.4
2759.05	12101.3
2761.61	11897.2
2764.16	11741.2
2766.72	11593.1
2769.27	11387
2771.82	11332.9
2774.36	11278.9
2776.91	11284.8
2779.45	11350.7
2781.98	11528.7
2784.52	11526.6
2787.05	11696.5
2789.58	11680.4
2792.1	11948.4
2794.62	12214.3
2797.14	12456.2
2799.66	12776.2
2802.17	12930.1
2804.68	13474
2807.19	13973.9
2809.69	14525.9
2812.19	15397.8
2814.69	16217.7
2817.18	17345.6
2819.67	18791.6
2822.16	20427.5
2824.65	23401.4
2827.13	27467.4
2829.61	34021.3
2832.09	42827.2
2834.56	55181.1
2837.03	72831.1
2839.5	97117
2841.96	126125
2844.43	152773
2846.88	161761
2849.34	153195
2851.79	138111
2854.24	127833
2856.69	121040
2859.13	115612
2861.57	111142
2864.01	106910
2866.44	106156
2868.87	108324
2871.3	115702
2873.73	129794
2876.15	157712
2878.57	205090
2880.99	228018
2883.4	199600
2885.81	155130
2888.22	126892
2890.62	112771
2893.02	103791
2895.42	98163.3
2897.82	94209.3
2900.21	90911.2
2902.6	86931.1
2904.99	83661
2907.37	80161
2909.75	76674.9
2912.13	72652.8
2914.5	69512.8
2916.87	67862.7
2919.24	66654.6
2921.6	65292.5
2923.97	64984.5
2926.32	63360.4
2928.68	62354.3
2931.04	61030.3
2933.38	59856.2
2935.73	58306.1
2938.07	56378
2940.42	54264
2942.75	48971.9
2945.09	42183.8
2947.42	36495.8
2949.75	33089.7
2952.08	31119.6
2954.4	30195.5
2956.72	29643.5
2959.03	28547.4
2961.35	26947.3
2963.66	24935.2
2965.97	22327.2
2968.27	20311.1
2970.57	18547
2972.87	17415
2975.17	16608.9
2977.46	15938.8
2979.75	15636.7
2982.04	15004.7
2984.32	14372.6
2986.6	13856.5
2988.88	13596.4
2991.15	13506.4
2993.42	13660.3
2995.69	14102.2
2997.96	14822.2
3000.22	15228.1
3002.48	15154
3004.73	14531.9
3006.99	14196.2
3009.24	14365.8
3011.48	15417.5
3013.73	16054.5
3015.97	15387.5
3018.21	13791.1
3020.44	12249
3022.67	11304.2
3024.9	10595.4
3027.13	10186.1
3029.35	9859.65
3031.57	9534.74
3033.79	9424.69
3036	9304.57
3038.21	9165.54
3040.42	9194.77
3042.63	9175.51
3044.83	9070.55
3047.03	8946.48
3049.22	8752.88
3051.41	8550.39
3053.6	8202.61
3055.79	8155.2
3057.97	8131.3
3060.15	8044.02
3062.33	7940.63
3064.5	7878.77
3066.68	7828.41
3068.42	7735.88
3070.87	7654.78
3073.33	7725.68
3075.78	7564.58
3078.23	7709.48
3080.67	7556.38
3083.11	7409.27
3085.55	7382.17
3087.99	7313.07
3090.43	7209.97
3092.86	7132.87
3095.29	7067.77
3097.72	6970.67
3100.14	6693.57
3102.56	6708.46
3104.98	6741.36
3107.4	6410.26
3109.81	6571.16
3112.22	6386.06
3114.63	6442.96
3117.03	6309.86
3119.44	6252.76
3121.84	6197.65
3124.23	6156.55
3126.63	6107.45
3129.02	6056.35
3131.41	6081.25
3133.8	6012.15
3136.18	6085.05
3138.56	5873.95
3140.94	5948.84
3143.32	5875.74
3145.69	5932.64
3148.06	5913.54
3150.43	5954.44
3152.8	5863.34
3155.16	5844.24
3157.52	5841.14
3159.88	5874.03
3162.23	5856.93
3164.58	5777.83
3166.93	5938.73
3169.28	5879.63
3171.62	5896.53
3173.96	5803.43
3176.3	5788.33
3178.64	5917.22
3180.97	5896.12
3183.3	5893.02
3185.63	5885.92
3187.95	5810.82
3190.28	5805.72
3192.59	5944.62
3194.91	5827.52
3197.23	5820.42
3199.54	5901.31
3201.84	5778.21
3204.15	5787.11
3206.45	5726.01
3208.76	5718.91
3211.05	5765.81
3213.35	5880.71
3215.64	5773.6
3217.93	5680.5
3220.22	5807.4
3222.5	5800.3
3224.78	5673.2
3227.06	5792.1
3229.34	5695
3231.61	5691.9
3233.88	5722.79
3236.15	5825.69
3238.42	5766.59
3240.68	5769.49
3242.94	5826.39
3245.2	5809.29
3247.45	5728.19
3249.7	5933.09
3251.95	5983.99
3254.2	5960.88
3256.44	6035.78
3258.68	6056.68
3260.92	6139.58
3263.15	6120.48
3265.39	6115.38
3267.62	6254.28
3269.84	6085.18
3272.07	6416.07
3274.29	6280.97
3276.51	6437.87
3278.73	6512.77
3280.94	6391.67
3283.15	6356.57
3285.36	6475.47
3287.56	6500.37
3289.77	6613.26
3291.97	6692.16
3294.16	6479.06
3296.36	6783.96
3298.55	6830.86
3300.74	6979.76
3302.92	7092.66
3305.11	7335.56
3307.29	7618.45
3309.47	7661.35
3311.64	7816.25
3313.81	7747.15
3315.99	7600.05
3318.15	7484.95
3320.32	7329.85
3322.48	7060.75
3324.64	6747.64
3326.79	6680.54
3328.94	6339.44
3331.1	6434.34
3333.24	6187.24
3335.39	6080.14
3337.53	5901.04
3339.67	5937.94
3341.81	5818.83
3343.94	5667.73
3346.07	5646.63
3348.2	5671.53
3350.33	5488.43
3352.45	5587.33
3354.57	5490.23
3356.69	5565.13
3358.8	5524.02
3360.92	5354.92
3363.02	5477.82
3365.13	5262.72
3367.24	5361.62
3369.34	5262.52
3371.43	5247.42
3373.53	5132.32
3375.62	5229.21
3377.71	5214.11
3379.8	5129.01
3381.88	5029.91
3383.97	5052.81
3386.05	5045.71
3388.12	4896.61
3390.2	4901.51
3392.27	4820.41
3394.33	4823.3
3396.4	4848.2
3398.46	4679.1
