34.9786	6556
39.6187	8955.08
44.2587	9496.16
48.8921	11091.2
53.521	13678.3
58.1434	14993.4
62.7634	17922.5
67.3791	18745.6
71.9925	16826.6
76.5993	16337.7
81.2018	16224.8
85.802	13695.9
90.3956	10631
94.987	8814.04
99.5719	7389.12
104.155	6662.2
108.731	6585.28
113.305	6652.36
117.874	6119.44
122.437	5940.52
126.998	5517.6
131.554	5484.68
136.104	5765.76
140.652	6460.84
145.195	7737.92
149.734	8669
154.267	8820.08
158.798	7765.16
163.324	6116.24
167.845	4629.32
172.361	4026.4
176.874	3823.48
181.383	4346.56
185.885	4187.64
190.388	3516.72
194.884	3095.8
199.373	2954.88
203.861	3095.96
208.344	3471.04
212.823	3934.12
217.297	4581.2
221.766	5082.28
226.232	4939.36
230.692	4548.44
235.149	4493.52
239.603	4540.6
244.05	4597.68
248.492	4820.76
252.935	4957.84
257.368	4466.92
261.8	3412
266.228	2881.08
270.65	2336.16
275.067	2265.24
279.483	2370.32
283.89	2857.4
288.297	3354.48
292.695	3469.56
297.092	3274.64
301.484	2959.72
305.873	2364.8
310.255	1973.88
314.634	1756.96
319.01	1764.04
323.38	1727.12
327.747	1812.2
332.108	2065.28
336.468	2524.36
340.82	2655.44
345.169	2876.52
349.516	2339.6
353.855	1780.68
358.191	1385.76
362.523	1470.84
366.85	1673.92
371.174	2235
375.494	2818.08
379.808	2633.16
384.117	1860.24
388.421	1661.32
392.725	1984.4
397.022	2581.48
401.316	3040.56
405.603	2313.64
409.888	2586.72
414.17	5125.8
418.445	6466.88
422.716	6629.96
426.983	6411.04
431.246	6022.12
435.505	3203.2
439.758	1824.28
444.009	1715.36
448.254	1832.44
452.497	2927.52
456.732	3484.6
460.967	2561.68
465.195	2108.76
469.418	2067.84
473.637	1924.92
477.854	1550
482.065	1819.08
486.272	3356.16
490.474	4859.24
494.673	3634.32
498.866	2967.4
503.057	3036.48
507.242	2711.56
511.423	3166.64
515.598	3851.72
519.771	3128.8
523.938	1877.88
528.104	1462.96
532.263	1398.04
536.418	1727.12
540.568	3960.2
544.715	7737.28
548.857	7822.36
552.994	4185.44
557.128	1936.52
561.258	1887.6
565.384	2992.68
569.504	4689.76
573.62	3206.84
577.732	1617.92
581.839	1249
585.945	1526.08
590.042	2983.16
594.136	3666.24
598.227	2783.32
602.314	3802.4
606.395	6063.48
610.473	3304.56
614.546	1417.64
618.616	1142.72
622.682	1663.8
626.741	2286.88
630.798	1675.96
634.848	1357.04
638.896	1650.12
642.939	2107.2
646.978	2492.28
651.013	1943.36
655.042	1168.44
659.069	1051.52
663.089	962.603
667.107	1005.68
671.121	974.763
675.129	1083.84
679.134	1092.92
683.134	1176
687.129	1549.08
691.12	2514.16
695.108	6523.24
699.092	13644.3
703.07	9429.4
707.046	3160.48
711.014	1745.56
714.979	1584.64
718.94	1783.72
722.899	2450.8
726.851	3243.88
730.798	2988.96
734.745	2444.04
738.683	3907.12
742.62	4870.2
746.551	3213.28
750.478	2026.36
754.402	1681.44
758.32	1342.52
762.232	1403.6
766.142	1260.68
770.049	1265.76
773.95	1290.84
777.848	1483.92
781.74	1495
785.628	1640.08
789.513	1675.16
793.392	2068.24
797.267	3051.32
801.139	4336.4
805.005	4391.48
808.867	4308.56
812.726	3913.64
816.581	2962.72
820.431	2903.8
824.275	3288.88
828.117	3679.96
831.952	3613.04
835.785	3516.12
839.615	4023.2
843.439	3778.28
847.257	3731.36
851.074	3434.44
854.883	2241.52
858.691	1844.6
862.495	1739.68
866.292	1960.76
870.087	2707.84
873.876	4294.92
877.662	5488
881.442	5261.08
885.219	4392.16
888.992	3811.24
892.76	3550.32
896.525	2419.4
900.283	1908.48
904.04	1945.56
907.792	2680.64
911.538	4305.72
915.279	4610.8
919.018	3333.88
922.754	3516.96
926.482	4454.04
930.207	3139.12
933.93	2552.2
937.646	2587.28
941.359	2060.36
945.067	2289.44
948.773	3114.52
952.471	3407.6
956.165	3676.68
959.858	4277.76
963.544	3393.02
967.228	2895.28
970.907	2469.27
974.582	2257.19
978.252	2423.49
981.917	2939.97
985.58	4095.31
989.233	4042.13
992.89	2722.59
996.536	2760.66
1000.18	4035.09
1003.82	5248.77
1007.46	5259.41
1011.09	4271.17
1014.72	3498.27
1018.34	3503.67
1021.96	4308.56
1025.57	4263.09
1029.18	3117.65
1032.79	2401.66
1036.39	2444.24
1039.99	2721.22
1043.58	2664.46
1047.17	2814.39
1050.76	2997.03
1054.34	2880.92
1057.91	2795.06
1061.48	2956.59
1062.67	3033.14
1066.52	2565.52
1070.38	2177.91
1074.23	1878.29
1078.07	2624.67
1081.92	4701.05
1085.76	5291.43
1089.59	3551.81
1093.42	1938.19
1097.25	1512.57
1101.08	1752.96
1104.9	2787.34
1108.71	3495.72
1112.53	3296.1
1116.34	3410.48
1120.14	3604.86
1123.94	5377.24
1127.74	6407.63
1131.53	5152.01
1135.32	4384.39
1139.11	3862.77
1142.9	3775.15
1146.67	2849.53
1150.45	2483.91
1154.22	2878.29
1157.99	3072.68
1161.76	2911.06
1165.52	2881.44
1169.27	3809.82
1173.03	5658.2
1176.78	6408.58
1180.52	4782.96
1184.27	3743.34
1188	3831.73
1191.74	3684.11
1195.47	3408.49
1199.2	2950.87
1202.92	2873.25
1206.64	3669.63
1210.36	3532.01
1214.07	2598.4
1217.78	3140.78
1221.48	3447.16
1225.18	2803.54
1228.88	2417.92
1232.57	2350.3
1236.26	2540.68
1239.95	2413.06
1243.63	2049.45
1247.31	1995.83
1250.99	2714.21
1254.66	3036.59
1258.33	2178.97
1261.99	2163.35
1265.65	3455.73
1269.3	3840.11
1272.96	3690.5
1276.61	3114.88
1280.25	2271.26
1283.89	2137.64
1287.53	2230.02
1291.16	2394.4
1294.8	2830.78
1298.42	3281.17
1302.04	3939.55
1305.66	3803.93
1309.28	3230.31
1312.89	3302.69
1316.5	3985.07
1320.1	4561.45
1323.7	4565.83
1327.3	4816.22
1330.89	5316.6
1334.48	4738.98
1338.07	4261.36
1341.65	3985.74
1345.22	3844.12
1348.8	4146.5
1352.37	4276.88
1355.93	4059.27
1359.5	3467.65
1363.06	2896.03
1366.61	2360.41
1370.16	2440.79
1373.71	3283.17
1377.25	3239.55
1380.8	2307.94
1384.33	2054.32
1387.87	1752.7
1391.39	1309.08
1394.92	1175.46
1398.44	1123.84
1401.96	1180.22
1405.47	1154.6
1408.98	1232.99
1412.49	1387.37
1415.99	1499.75
1419.49	1830.13
1422.99	2430.51
1426.48	4346.89
1429.97	7233.27
1433.45	11503.7
1436.93	14492
1440.41	12430.4
1443.88	10870.8
1447.35	10461.2
1450.81	8647.56
1454.28	7285.94
1457.73	7460.32
1461.19	7950.71
1464.64	7361.09
1468.08	6221.47
1471.53	5463.85
1474.97	3898.23
1478.4	2484.61
1481.83	1888.99
1485.26	1515.37
1488.68	1233.76
1492.1	1186.14
1495.52	1012.52
1498.93	918.899
1502.34	905.281
1505.75	863.662
1509.15	774.044
1512.55	782.425
1515.94	734.806
1519.33	727.188
1522.72	727.569
1526.1	681.95
1529.48	620.331
1532.85	700.713
1536.23	693.094
1539.59	661.475
1542.96	623.856
1546.32	644.238
1549.67	670.619
1553.03	607
1556.37	589.382
1559.72	625.763
1563.06	582.144
1566.4	554.526
1569.73	606.907
1573.06	563.288
1576.39	611.67
1579.71	620.051
1583.03	564.432
1586.34	646.813
1589.66	649.195
1592.96	683.576
1596.27	591.957
1599.57	610.339
1602.87	628.72
1606.16	651.101
1609.45	599.483
1612.73	661.864
1616.01	646.245
1619.29	674.627
1622.56	625.008
1625.83	667.389
1629.1	717.77
1632.36	730.152
1635.62	868.533
1638.87	968.914
1642.13	1055.3
1645.37	1049.68
1648.62	1080.06
1651.86	1114.44
1655.1	1278.82
1658.33	1601.2
1661.56	2291.58
1664.78	4269.96
1668	8658.34
1671.22	11626.7
1674.43	8925.11
1677.64	4655.49
1680.85	2411.87
1684.05	1562.25
1687.25	1080.63
1690.45	983.015
1693.64	853.396
1696.82	829.778
1700.01	744.159
1703.19	692.54
1706.36	644.922
1709.54	647.303
1712.7	621.684
1715.87	604.066
1719.03	612.447
1722.19	586.828
1725.34	599.209
1728.49	565.591
1731.64	565.972
1734.78	580.353
1737.92	542.735
1741.05	517.116
1744.19	531.497
1747.31	513.879
1750.44	512.26
1753.56	520.641
1756.67	524.522
1759.79	538.531
1762.9	503.586
1766	511.602
1769.1	486.975
1772.2	461.241
1775.29	458.311
1778.38	497.579
1781.47	466.678
1784.55	473.704
1787.63	489.988
1790.7	442.109
1793.78	464.502
1796.84	472.419
1799.91	463.112
1802.97	479.974
1806.02	433.729
1809.07	453.082
1812.12	447.675
1815.17	446.225
1818.21	461.004
1821.25	456.417
1824.28	426.298
1827.31	424.834
1830.34	431.978
1833.36	452.869
1836.38	448.146
1838.34	421.289
1841.64	437.337
1844.94	483.385
1848.24	447.433
1851.54	409.48
1854.83	439.528
1858.12	459.576
1861.4	393.623
1864.68	427.671
1867.96	435.719
1871.23	391.767
1874.5	449.814
1877.77	447.862
1881.04	401.91
1884.3	459.957
1887.56	446.005
1890.81	404.053
1894.06	448.101
1897.31	482.148
1900.56	400.196
1903.8	444.244
1907.04	432.292
1910.28	356.339
1913.51	446.387
1916.74	434.435
1919.96	410.482
1923.18	450.53
1926.4	440.578
1929.62	378.625
1932.83	454.673
1936.04	438.721
1939.24	402.769
1942.45	408.816
1945.65	408.864
1948.84	442.912
1952.04	412.96
1955.23	373.007
1958.41	427.055
1961.59	427.103
1964.78	433.151
1967.95	435.198
1971.12	453.246
1974.29	443.294
1977.46	455.341
1980.62	391.389
1983.78	445.437
1986.94	423.484
1990.09	431.532
1993.24	413.58
1996.39	407.628
1999.53	419.675
2002.67	397.723
2005.81	397.771
2008.94	469.819
2012.07	399.866
2015.2	421.914
2018.32	367.962
2021.44	402.009
2024.56	438.057
2027.67	412.105
2030.78	432.153
2033.89	416.2
2036.99	376.248
2040.09	448.296
2043.19	412.343
2046.29	406.391
2049.38	398.439
2052.46	392.486
2055.55	398.534
2058.63	376.582
2061.7	392.63
2064.78	394.677
2067.85	408.725
2070.92	416.773
2073.98	352.821
2077.04	412.868
2080.1	394.916
2083.15	400.964
2086.2	413.011
2089.25	431.059
2092.3	381.107
2095.34	397.155
2098.37	485.202
2101.41	357.25
2104.44	423.298
2107.47	379.346
2110.49	413.393
2113.51	379.441
2116.53	343.489
2119.54	431.536
2122.55	419.584
2125.56	367.632
2128.57	387.679
2131.57	401.727
2134.56	349.775
2137.56	419.823
2140.55	381.87
2143.54	419.918
2146.52	391.966
2149.5	396.014
2152.48	344.061
2155.45	402.109
2158.42	418.157
2161.39	410.205
2164.36	370.252
2167.32	374.3
2170.28	410.348
2173.23	412.395
2176.18	448.443
2179.13	390.491
2182.07	462.538
2185.01	430.586
2187.95	408.634
2190.89	442.682
2193.82	506.729
2196.75	454.777
2199.67	354.825
2202.59	386.873
2205.51	418.92
2208.43	418.968
2211.34	397.016
2214.24	427.063
2217.15	355.111
2220.05	453.159
2222.95	447.206
2225.84	403.254
2228.73	535.302
2231.62	455.35
2234.51	445.397
2237.39	529.445
2240.27	489.493
2243.14	531.541
2246.01	481.588
2248.88	527.636
2251.74	473.684
2254.61	531.731
2257.46	493.779
2260.32	547.827
2263.17	573.875
2266.02	559.922
2268.86	529.97
2271.7	548.018
2274.54	504.066
2277.37	522.113
2280.2	550.161
2283.03	554.209
2285.86	568.256
2288.68	502.304
2291.5	474.352
2294.31	500.399
2297.12	520.447
2299.93	464.495
2302.73	478.543
2305.54	498.59
2308.33	488.638
2311.13	504.686
2313.92	552.734
2316.71	580.781
2319.49	490.829
2322.27	510.877
2325.05	462.924
2327.82	410.972
2330.6	423.02
2333.36	449.068
2336.13	491.115
2338.89	471.163
2341.65	527.211
2344.4	483.259
2347.15	485.306
2349.9	519.354
2352.64	467.402
2355.38	463.449
2358.12	437.497
2360.86	439.545
2363.59	421.593
2366.31	417.64
2369.04	493.688
2371.76	493.736
2374.48	465.783
2377.19	513.831
2379.9	467.879
2382.61	415.927
2385.31	445.974
2388.02	474.022
2390.71	452.07
2393.41	450.117
2396.1	482.165
2398.79	446.213
2401.47	502.26
2404.15	386.308
2406.83	490.356
2409.5	458.404
2412.17	506.451
2414.84	484.499
2417.5	440.547
2420.16	434.594
2422.82	434.642
2425.48	396.69
2428.13	420.738
2430.78	394.786
2433.42	438.828
2436.06	425.512
2438.7	447.794
2441.33	369.498
2443.96	482.3
2446.59	420.899
2449.21	425.386
2451.83	447.983
2454.45	450.513
2457.07	431.757
2459.68	442.492
2462.28	445.799
2464.89	460.168
2467.49	438.929
2470.08	437.296
2472.68	409.412
2475.27	444.409
2477.86	471.714
2480.44	477.271
2483.02	468.656
2485.6	466.782
2488.17	473.432
2490.74	530.254
2493.31	433.424
2495.87	454.755
2498.43	479.65
2500.99	488.54
2502.06	487.284
2504.9	557.26
2507.74	596.079
2510.58	558.897
2513.41	505.715
2516.24	604.534
2519.07	581.352
2521.9	536.17
2524.72	560.988
2527.54	545.807
2530.36	580.625
2533.17	557.443
2535.98	594.262
2538.79	711.08
2541.6	609.898
2544.4	574.717
2547.19	589.535
2549.99	612.353
2552.79	603.172
2555.58	671.99
2558.36	652.808
2561.15	629.626
2563.93	610.445
2566.71	671.263
2569.48	698.081
2572.25	730.9
2575.02	737.718
2577.79	766.536
2580.55	889.354
2583.32	886.173
2586.07	874.991
2588.83	869.809
2591.58	930.628
2594.33	991.446
2597.08	996.265
2599.82	967.082
2602.56	1045.9
2605.29	986.719
2608.03	1013.54
2610.76	1022.36
2613.49	1067.17
2616.22	1067.99
2618.94	1124.81
2621.66	1097.63
2624.37	1234.45
2627.09	1287.27
2629.8	1354.08
2632.51	1376.9
2635.21	1323.72
2637.91	1316.54
2640.61	1465.36
2643.31	1500.18
2646	1614.99
2648.69	1705.81
2651.38	1732.63
2654.06	1831.45
2656.74	1930.27
2659.42	1919.08
2662.09	1901.9
2664.76	1840.72
2667.44	1635.54
2670.1	1592.36
2672.77	1501.18
2675.43	1521.99
2678.08	1578.81
2680.74	1611.63
2683.39	1646.45
2686.04	1689.27
2688.68	1690.09
2691.32	1776.91
2693.96	1861.72
2696.6	1844.54
2699.23	1819.36
2701.86	1832.18
2704.49	1903
2707.12	2001.81
2709.74	2186.63
2712.36	2499.45
2714.97	2952.27
2717.58	3215.09
2720.19	2975.91
2722.8	2596.72
2725.4	2319.54
2728	2104.36
2730.6	2003.18
2733.2	2026
2735.79	1936.82
2738.38	1937.63
2740.96	1942.45
2743.55	1857.27
2746.13	1846.09
2748.7	1828.91
2751.28	1865.73
2753.85	1854.54
2756.42	2063.36
2758.98	2022.18
2761.54	2005
2764.1	1819.82
2766.66	1748.64
2769.21	1667.45
2771.76	1478.27
2774.31	1311.09
2776.85	1275.91
2779.39	1280.73
2781.93	1339.55
2784.46	1240.36
2787	1349.18
2789.53	1376
2792.05	1414.82
2794.58	1537.64
2797.1	1608.46
2799.61	1765.27
2802.13	1794.09
2804.64	2006.91
2807.14	2211.73
2809.65	2580.55
2812.15	2839.36
2814.65	3402.18
2817.15	4157
2819.64	5613.82
2822.13	7564.64
2824.62	9101.46
2827.1	9936.27
2829.58	10733.1
2832.06	12271.9
2834.53	15710.7
2837.01	20373.5
2839.48	24014.4
2841.94	25935.2
2844.4	28160
2846.86	31024.8
2849.32	33465.6
2851.77	34084.5
2854.22	32629.3
2856.67	31528.1
2859.12	31160.9
2861.56	33211.7
2864	38014.6
2866.43	41725.4
2868.87	42122.2
2871.3	38393
2873.72	34197.8
2876.15	31146.6
2878.57	30105.5
2880.99	30492.3
2883.4	31977.1
2885.81	32829.9
2888.22	32248.7
2890.63	31413.6
2893.03	30384.4
2895.43	29519.2
2897.83	29204
2900.22	30118.8
2902.61	31365.6
2905	31060.5
2907.38	30211.3
2909.76	29474.1
2912.14	29398.9
2914.52	28849.7
2916.89	28474.6
2919.26	29185.4
2921.63	30134.2
2923.99	31415
2926.35	33179.8
2928.71	36308.6
2931.06	38977.5
2933.41	38620.3
2935.76	37335.1
2938.11	37211.9
2940.45	36514.7
2942.79	35191.6
2945.12	33974.4
2947.46	31995.2
2949.79	29626
2952.12	27664.8
2954.44	26635.6
2956.76	26244.5
2959.08	25481.3
2961.39	23794.1
2963.71	21050.9
2966.02	18617.7
2968.32	16412.6
2970.62	15111.4
2972.92	14166.2
2975.22	13555
2977.51	13053.8
2979.81	12696.6
2982.09	11989.5
2984.38	11490.3
2986.66	10821.1
2988.94	10007.9
2991.22	8550.74
2993.49	7305.56
2995.76	6040.37
2998.03	5011.19
3000.29	4374.01
3002.55	3810.83
3004.81	3223.65
3007.06	2916.51
3009.31	2564.82
3011.56	2368.33
3013.81	2100.84
3016.05	1969.4
3018.29	1795.12
3020.53	1738.73
3022.76	1612.7
3024.99	1583.73
3027.22	1653.13
3029.44	1671.72
3031.66	1776.61
3033.88	1909.16
3036.1	2071.41
3038.31	2155.38
3040.52	2234.29
3042.72	2233.94
3044.93	2054.55
3047.13	1780.21
3049.32	1648.51
3051.52	1534.15
3053.71	1446.92
3055.9	1352.3
3058.08	1191.22
3060.26	1068.17
3062.44	868.707
3064.62	698.152
3066.79	550.274
3068.96	420.209
3070.15	353.495
3072.6	301.721
3075.05	235.946
3077.5	196.172
3079.95	144.398
3082.39	100.624
3084.83	168.85
3087.27	141.076
3089.71	27.302
3092.15	37.528
3094.58	35.7539
3097	-4.02026
3099.43	18.2057
3101.85	36.4315
3104.27	-33.3425
3106.69	30.8834
3109.11	-18.8907
3111.52	-22.6647
3113.93	-70.4388
3116.33	-52.2129
3118.74	-71.9871
3121.14	-49.7611
3123.54	-27.5352
3125.94	-103.309
3128.33	-147.083
3130.72	-108.857
3133.11	-126.631
3135.5	-126.406
3137.88	-202.18
3140.26	-115.954
3142.64	-135.728
3145.01	-125.502
3147.38	-151.276
3149.75	-131.05
3152.12	-184.824
3154.48	-198.598
3156.85	-126.372
3159.21	-142.146
3161.56	-151.921
3163.91	-135.695
3166.26	-139.469
3168.61	-129.243
3170.96	-169.017
3173.3	-178.791
3175.64	-174.565
3177.98	-188.339
3180.31	-156.113
3182.64	-151.887
3184.97	-203.661
3187.3	-215.435
3189.62	-99.2095
3191.94	-182.984
3194.26	-192.758
3196.58	-262.532
3198.89	-234.306
3201.2	-180.08
3203.51	-223.854
3205.81	-313.628
3208.12	-241.402
3210.42	-293.176
3212.71	-320.95
3215.01	-272.724
3217.3	-202.499
3219.59	-292.273
3221.87	-268.047
3224.16	-295.821
3226.44	-281.595
3228.71	-335.369
3230.99	-305.143
3233.26	-344.917
3235.53	-364.691
3237.8	-360.465
3240.06	-346.24
3242.32	-318.013
3244.58	-407.788
3246.84	-405.562
3249.09	-421.336
3251.34	-393.11
3253.59	-348.884
3255.84	-328.658
3258.08	-442.432
3260.32	-338.206
3262.55	-405.98
3264.79	-475.754
3267.02	-445.528
3269.25	-423.302
3271.47	-437.077
3273.7	-414.851
3275.92	-368.625
3278.14	-470.399
3280.35	-438.173
3282.56	-367.947
3284.77	-377.721
3286.98	-433.495
3289.19	-407.269
3291.39	-347.043
3293.59	-374.818
3295.78	-354.591
3297.98	-384.366
3300.17	-434.14
3302.35	-345.914
3304.54	-409.688
3306.72	-391.462
3308.9	-385.236
3311.08	-379.01
3313.25	-378.784
3315.42	-396.558
3317.59	-326.332
3319.76	-390.106
3321.92	-347.88
3324.08	-399.655
3326.24	-317.429
3328.39	-319.203
3330.55	-342.977
3332.7	-254.751
3334.84	-262.525
3336.99	-310.299
3339.13	-248.073
3341.27	-263.847
3343.4	-295.621
3345.54	-303.396
3347.67	-263.17
3349.79	-290.944
3351.92	-288.718
3354.04	-246.492
3356.16	-260.266
3358.27	-306.04
3360.39	-303.814
3362.5	-291.588
3364.61	-331.362
3366.71	-365.136
3368.82	-292.91
3370.92	-272.684
3373.01	-312.458
3375.11	-290.233
3377.2	-328.007
3379.29	-361.781
3381.37	-377.555
3383.46	-307.329
3385.54	-335.103
3387.62	-368.877
3389.69	-350.651
3391.77	-318.425
3393.83	-372.199
3395.9	-381.974
3397.97	-341.748
3400.03	-319.522
3402.09	-407.296
3404.14	-373.07
3406.19	-324.844
3408.25	-340.618
3410.29	-402.392
3412.34	-368.166
3414.38	-463.94
3416.42	-445.714
3418.46	-367.488
3420.49	-479.262
3422.52	-361.036
3424.55	-494.811
3426.57	-408.585
3428.6	-426.359
3430.62	-460.133
3432.63	-447.907
3434.65	-475.681
3436.66	-475.455
3438.67	-491.229
3440.68	-513.003
3442.68	-472.778
3444.68	-502.552
3446.68	-524.326
3448.67	-470.1
3450.66	-535.874
3452.65	-501.648
3454.64	-503.422
3456.62	-571.196
3458.61	-554.97
3460.58	-514.744
3462.56	-502.518
3464.53	-534.292
3466.5	-506.066
3468.47	-551.84
3470.43	-533.615
3472.39	-573.389
3474.35	-583.163
3476.31	-616.937
3478.26	-594.711
3480.21	-642.485
3482.16	-600.259
3484.11	-584.033
3486.05	-647.807
3487.99	-625.582
3489.93	-655.356
3491.86	-615.13
3493.79	-622.904
3495.72	-664.678
3497.65	-676.452
3499.57	-622.226
