40.3804	6128
45.02	8099.59
49.653	13997.2
54.2816	19942.8
58.9057	33768.4
63.5254	53888
68.1428	55323.5
72.7558	47217.1
77.3623	46578.7
81.9644	43740.3
86.5642	41691.9
91.1596	39051.5
95.7506	35381.1
100.337	32490.7
104.917	31680.3
109.495	30837.9
114.069	29139.5
118.636	27855
123.203	27428.6
127.763	26416.2
132.319	26053.8
136.869	26935.4
141.418	30413
145.959	34942.6
150.5	32572.2
155.034	28217.8
159.564	27817.4
164.09	27962.9
168.612	24852.5
173.131	23116.1
177.644	21967.7
182.152	21353.3
186.654	20836.9
191.156	20452.5
195.652	20050.1
200.143	19929.7
204.632	19331.3
209.113	19240.9
213.592	18992.4
218.066	18892
222.536	18853.6
227.004	18909.2
231.463	18930.8
235.922	19050.4
240.375	19270
244.824	19147.6
249.267	19063.2
253.707	19164.8
258.143	18784.4
262.575	18873.9
267.003	18971.5
271.424	19013.1
275.843	19022.7
280.256	19024.3
284.667	19403.9
289.074	19695.5
293.474	19691.1
297.87	19774.7
302.262	19838.3
306.65	19951.9
311.036	19961.4
315.416	20115
319.789	20106.6
324.16	20278.2
328.529	20343.8
332.89	20751.4
337.249	21737
341.602	23276.6
345.954	22314.2
350.298	21375.8
354.639	21205.3
358.975	21042.9
363.307	21214.5
367.635	21100.1
371.958	21383.7
376.278	22033.3
380.594	21414.9
384.905	20954.5
389.213	20884.1
393.512	20829.7
397.811	20783.3
402.104	20916.8
406.393	20918.4
410.68	21244
414.959	21577.6
419.236	21755.2
423.507	22056.8
427.775	22130.4
432.038	22282
436.299	22253.6
440.553	22453.2
444.802	22378.8
449.049	22360.3
453.291	22333.9
457.528	22315.5
461.762	22225.1
465.991	22042.7
470.215	21936.3
474.438	22209.9
478.652	22053.5
482.865	21997.1
487.071	22034.7
491.273	21848.3
495.474	21797.8
499.667	22131.4
503.857	21583
508.044	20558.6
512.227	20088.2
516.403	19271.8
520.576	18741.4
524.745	18293
528.91	17900.6
533.071	17564.2
537.224	17065.7
541.377	16637.3
545.522	15998.9
549.667	15396.5
553.804	15008.1
557.938	14627.7
562.067	14433.3
566.195	14310.9
570.316	13838.5
574.432	13286.1
578.544	12955.7
582.654	12661.2
586.758	12208.8
590.858	11990.4
594.953	11768
599.043	11503.6
603.13	11393.2
607.215	11012.8
611.292	10928.4
615.365	10778
619.436	10807.6
623.499	10643.2
627.561	10994.7
631.619	10400.3
635.673	10337.9
639.719	10013.5
643.763	9947.11
647.801	9698.7
651.838	9586.29
655.869	9609.88
659.896	9441.47
663.917	9451.06
667.937	9674.65
671.95	9596.24
675.958	9389.83
679.964	9191.42
683.963	8835.01
687.961	8796.6
691.952	8726.19
695.941	8719.79
699.924	8745.38
703.904	8724.97
707.88	8670.56
711.85	8776.15
715.816	8661.74
719.777	8645.33
723.738	8744.92
727.689	8788.51
731.64	8670.1
735.586	8777.69
739.526	8953.28
743.462	8780.87
747.393	9120.46
751.32	9040.05
755.245	9131.65
759.165	9389.24
763.079	9494.83
766.989	9546.42
770.897	9728.01
774.798	9801.6
778.695	9981.19
782.591	10136.8
786.479	10166.4
790.363	10332
794.244	10451.6
798.121	10735.1
801.992	10700.7
805.859	10678.3
809.724	10925.9
813.582	10931.5
817.437	10827.1
821.288	10712.7
825.134	10496.3
828.976	10667.9
832.816	10521.5
836.649	10539.1
840.476	10552.6
844.302	10536.2
848.122	10409.8
851.938	10569.4
855.751	10569
859.558	10588.6
863.362	10804.2
867.16	10879.8
870.955	11247.4
874.746	11403
878.533	11810.5
882.315	12332.1
886.092	13273.7
889.865	16009.3
893.634	18896.9
897.4	16914.5
901.16	15114.1
904.915	15537.7
908.668	16699.3
912.416	16296.9
916.161	14948.5
919.899	14148
923.635	13873.6
927.365	13481.2
931.091	13078.8
934.814	12788.4
938.531	12398
942.245	11969.6
945.954	11621.2
949.659	11408.8
953.36	11108.4
957.056	10930
960.749	10699.5
964.436	10317.1
968.12	10054
971.8	9943.83
975.475	9814.72
979.147	9736.81
982.813	9354.76
986.475	9252.82
990.133	9196.42
993.788	9069.3
997.437	8744.92
1001.08	8601.28
1004.72	9000.43
1008.36	8686.11
1011.99	8311.11
1015.62	8160.12
1019.25	8031.62
1022.86	7916.83
1026.48	7832.2
1030.09	7940.76
1033.7	8328.77
1037.3	8761.33
1040.9	9082.41
1044.49	8565.98
1048.08	8260.67
1051.67	8943.53
1055.25	10647.6
1058.83	16894.5
1062.4	26985.4
1065.97	21944.1
1067.25	18043.8
1071.1	10697.2
1074.95	10310.6
1078.8	8686.04
1082.64	8051.45
1086.48	7884.85
1090.32	7796.26
1094.15	7871.66
1097.98	8635.07
1101.8	11468.5
1105.62	12549.9
1109.44	9291.28
1113.25	8144.68
1117.06	8224.08
1120.87	9337.49
1124.67	13760.9
1128.47	26176.3
1132.26	24065.7
1136.06	10511.1
1139.84	7166.51
1143.63	6289.91
1147.41	5751.32
1151.18	5582.72
1154.95	5390.12
1158.72	5233.53
1162.49	5162.93
1166.25	5238.34
1170.01	6139.74
1173.76	8019.14
1177.51	6462.55
1181.26	5039.95
1185	4857.36
1188.74	4752.76
1192.47	4376.16
1196.21	4017.57
1199.93	3958.97
1203.66	3798.38
1207.38	3733.78
1211.09	3533.18
1214.81	3496.59
1218.52	3495.99
1222.22	3341.4
1225.92	3336.8
1229.62	3162.2
1233.32	3043.61
1237.01	3011.01
1240.69	2874.42
1244.38	2871.82
1248.06	3043.22
1251.73	3016.63
1255.4	3128.03
1259.07	3251.44
1262.73	3214.84
1266.4	3368.24
1270.05	3355.65
1273.71	3927.05
1277.35	4298.46
1281	4323.86
1284.64	5537.26
1288.28	7896.67
1291.92	12796.1
1295.55	27395.5
1299.17	21694.9
1302.8	7872.28
1306.42	4629.69
1310.03	3799.09
1313.64	3272.5
1317.25	2881.9
1320.86	2799.3
1324.46	2642.71
1328.06	2702.11
1331.65	2611.52
1335.24	2608.92
1338.82	2620.32
1342.41	2727.73
1345.98	2667.13
1349.56	2688.54
1353.13	2785.94
1356.7	2819.34
1360.26	2938.75
1363.82	3260.15
1367.38	4105.56
1370.93	4284.96
1374.48	3642.36
1378.02	3337.77
1381.56	3139.17
1385.1	3174.57
1388.63	3047.98
1392.16	3171.38
1395.69	3322.79
1399.21	3592.19
1402.73	4155.59
1406.24	5027
1409.75	6498.4
1413.26	7707.81
1416.76	10637.2
1420.27	15666.6
1423.76	11736
1427.25	8813.42
1430.74	9084.83
1434.23	13278.2
1437.71	22503.6
1441.18	19677
1444.66	11612.4
1448.13	10071.8
1451.59	9973.25
1455.06	11246.7
1458.52	12414.1
1461.97	12043.5
1465.42	11454.9
1468.87	11142.3
1472.31	8665.67
1475.75	5319.08
1479.19	4058.48
1482.62	3645.89
1486.05	3839.29
1489.47	3856.69
1492.89	3430.1
1496.31	2959.5
1499.72	2720.91
1503.13	2604.31
1506.54	2601.71
1509.94	2551.12
1513.34	2588.52
1516.73	2649.93
1520.12	2813.33
1523.51	2800.73
1526.89	2592.14
1530.28	2393.54
1533.65	2402.95
1537.02	2382.35
1540.39	2361.75
1543.76	2323.16
1547.12	2348.56
1550.47	2269.97
1553.83	2329.37
1557.18	2336.77
1560.52	2244.18
1563.87	2297.58
1567.2	2224.99
1570.54	2248.39
1573.87	2121.79
1577.2	2117.2
1580.52	2098.6
1583.84	2064.01
1587.16	2077.41
1590.47	2068.81
1593.78	2148.22
1597.08	2171.62
1600.38	2161.03
1603.68	2216.43
1606.97	2299.83
1610.26	2435.24
1613.55	2444.64
1616.83	2582.05
1620.11	2675.45
1623.38	2740.85
1626.65	2794.26
1629.92	2925.66
1633.18	2999.07
1636.44	2942.47
1639.7	2929.87
1642.95	2839.28
1646.2	2804.68
1649.44	2728.09
1652.69	2605.49
1655.92	2458.89
1659.16	2288.3
1662.39	2221.7
1665.61	2123.1
1668.83	2060.51
1672.05	1997.91
1675.27	1955.32
1678.48	1938.72
1681.68	1968.13
1684.89	1907.53
1688.09	1912.93
1691.28	1790.34
1694.48	1785.74
1697.66	1807.14
1700.85	1762.55
1704.03	1761.95
1707.21	1707.36
1710.38	1738.76
1713.55	1644.16
1716.72	1715.57
1719.88	1704.97
1723.04	1670.38
1726.19	1683.78
1729.34	1653.18
1732.49	1660.59
1735.63	1663.99
1738.77	1685.4
1741.91	1672.8
1745.04	1658.2
1748.17	1691.61
1751.29	1705.01
1754.41	1756.42
1757.53	1708.66
1760.64	1712.15
1763.75	1697.44
1766.86	1734.79
1769.96	1724.37
1773.06	1676.8
1776.15	1701.6
1779.25	1651.35
1782.33	1678.22
1785.42	1703.37
1788.5	1653.25
1791.57	1677.13
1794.64	1678.29
1797.71	1669.59
1800.78	1658.98
1803.84	1651.16
1806.89	1681.38
1809.95	1613.57
1813	1619.46
1816.04	1611.35
1819.09	1642.64
1822.12	1638.02
1825.16	1625.84
1828.19	1658.1
1831.22	1626.13
1834.24	1651.67
1837.26	1630
1840.28	1609.51
1840.48	1608.26
1843.78	1612.98
1847.08	1619.69
1850.38	1652.41
1853.67	1613.12
1856.96	1587.84
1860.24	1618.55
1863.52	1615.27
1866.8	1671.98
1870.08	1596.69
1873.35	1611.41
1876.62	1610.12
1879.89	1642.84
1883.15	1609.55
1886.41	1638.27
1889.66	1634.98
1892.92	1655.7
1896.17	1598.41
1899.41	1649.13
1902.65	1715.84
1905.89	1628.55
1909.13	1623.27
1912.36	1587.98
1915.59	1624.7
1918.82	1617.41
1922.04	1606.13
1925.26	1612.84
1928.48	1577.56
1931.69	1596.27
1934.9	1572.99
1938.11	1647.7
1941.31	1682.42
1944.51	1643.13
1947.71	1607.84
1950.9	1590.56
1954.09	1569.27
1957.28	1605.99
1960.46	1564.7
1963.64	1629.42
1966.82	1602.13
1969.99	1648.85
1973.16	1671.56
1976.33	1680.28
1979.49	1686.99
1982.66	1613.7
1985.81	1620.42
1988.97	1627.13
1992.12	1613.85
1995.27	1624.56
1998.41	1655.28
2001.55	1637.99
2004.69	1602.71
2007.82	1605.42
2010.95	1658.14
2014.08	1568.85
2017.21	1585.56
2020.33	1618.28
2023.44	1618.99
2026.56	1617.71
2029.67	1598.42
2032.78	1585.14
2035.88	1639.85
2038.98	1642.57
2042.08	1613.28
2045.18	1598
2048.27	1542.71
2051.35	1569.43
2054.44	1576.14
2057.52	1552.85
2060.6	1565.57
2063.67	1594.28
2066.74	1593
2069.81	1605.71
2072.88	1622.43
2075.94	1605.14
2079	1641.86
2082.05	1654.57
2085.1	1681.29
2088.15	1678
2091.19	1716.71
2094.24	1651.43
2097.27	1610.14
2100.31	1692.86
2103.34	1695.57
2106.37	1778.29
2109.39	1811
2112.42	1759.72
2115.44	1766.43
2118.45	1867.15
2121.46	1839.86
2124.47	1812.58
2127.48	1783.29
2130.48	1758
2133.48	1706.72
2136.47	1711.43
2139.46	1758.15
2142.45	1728.86
2145.43	1681.58
2148.42	1706.29
2151.4	1697.01
2154.37	1711.72
2157.34	1694.44
2160.31	1757.15
2163.28	1721.86
2166.24	1748.58
2169.2	1731.29
2172.15	1794.01
2175.1	1908.72
2178.05	2027.44
2181	2280.15
2183.94	2276.87
2186.88	2225.58
2189.81	2016.3
2192.75	1973.01
2195.68	1847.73
2198.6	1852.44
2201.52	1759.15
2204.44	1773.87
2207.36	1796.58
2210.27	1711.3
2213.18	1742.01
2216.08	1712.73
2218.98	1753.44
2221.88	1800.16
2224.78	1798.87
2227.67	1799.59
2230.56	1846.3
2233.44	1759.01
2236.32	1741.73
2239.2	1842.44
2242.08	1837.16
2244.95	1859.87
2247.82	1896.59
2250.68	1831.3
2253.55	1794.02
2256.4	1834.73
2259.26	1843.45
2262.11	1830.16
2264.96	1810.88
2267.81	1795.59
2270.65	1792.3
2273.49	1787.02
2276.32	1763.73
2279.15	1812.45
2281.98	1803.16
2284.81	1717.88
2287.63	1738.59
2290.45	1749.31
2293.26	1782.02
2296.08	1724.74
2298.88	1721.45
2301.69	1804.16
2304.49	1764.88
2307.29	1813.59
2310.08	1748.31
2312.88	1771.02
2315.66	1725.74
2318.45	1726.45
2321.23	1681.17
2324.01	1711.88
2326.79	1808.6
2329.56	1923.31
2332.32	1846.02
2335.09	1734.74
2337.85	1763.45
2340.61	1722.17
2343.36	1778.88
2346.12	1771.6
2348.86	1824.31
2351.61	1775.03
2354.35	1827.74
2357.09	1742.46
2359.83	1801.17
2362.56	1787.89
2365.29	1812.6
2368.01	1813.31
2370.73	1852.03
2373.45	1860.74
2376.17	1877.46
2378.88	1894.17
2381.59	1900.89
2384.29	1907.6
2386.99	1880.32
2389.69	1909.03
2392.38	1861.75
2395.08	1898.46
2397.76	1917.17
2400.45	1873.89
2403.13	1892.6
2405.81	1911.32
2408.48	1982.03
2411.15	2012.75
2413.82	2071.46
2416.49	2028.18
2419.15	2082.89
2421.81	2181.61
2424.46	2222.32
2427.11	2237.04
2429.76	2188.53
2432.41	2148.43
2435.05	2155.44
2437.69	2133.76
2440.32	2040.2
2442.95	2053.79
2445.58	2023.5
2448.21	2018.4
2450.83	2072.29
2453.45	2068.22
2456.06	2066.38
2458.67	2106.37
2461.28	2047.86
2463.88	2026.75
2466.49	1994.63
2469.08	2001.65
2471.68	2034.5
2474.27	2046.98
2476.86	2067.8
2479.44	2102.01
2482.02	2103.69
2484.6	2051.52
2487.17	2040.5
2489.75	2035.71
2492.31	2063.96
2494.88	2136.46
2497.44	2187.97
2500	2170.93
2502.24	2112.7
2505.08	2052.89
2507.92	2049.07
2510.76	2081.25
2513.59	2099.43
2516.42	2129.62
2519.25	2115.8
2522.07	2157.98
2524.89	2144.17
2527.71	2044.35
2530.53	2162.53
2533.34	2256.71
2536.15	2250.9
2538.95	2257.08
2541.76	2249.26
2544.56	2201.44
2547.36	2251.63
2550.15	2285.81
2552.94	2381.99
2555.73	2350.18
2558.52	2398.36
2561.3	2424.54
2564.08	2382.72
2566.86	2412.91
2569.63	2433.09
2572.41	2487.27
2575.17	2551.45
2577.94	2605.64
2580.7	2689.82
2583.46	2860
2586.22	3004.19
2588.97	3180.37
2591.72	3162.55
2594.47	3070.73
2597.22	3044.92
2599.96	3031.1
2602.7	3009.28
2605.43	3035.46
2608.17	3141.65
2610.9	3253.83
2613.62	3272.01
2616.35	3270.2
2619.07	3288.38
2621.79	3216.56
2624.5	3194.74
2627.22	3098.93
2629.93	3025.11
2632.63	2919.29
2635.33	2917.47
2638.04	2917.66
2640.73	2991.84
2643.43	3096.02
2646.12	3234.16
2648.81	3462.3
2651.49	3686.44
2654.18	3834.58
2656.86	3966.72
2659.53	3860.86
2662.21	3699
2664.88	3463.14
2667.54	3245.28
2670.21	3041.42
2672.87	3005.56
2675.53	3103.7
2678.19	3155.84
2680.84	3329.98
2683.49	3496.12
2686.14	3724.26
2688.78	3926.4
2691.42	4016.54
2694.06	4216.68
2696.7	4182.82
2699.33	4370.96
2701.96	4639.1
2704.58	4955.24
2707.21	5313.38
2709.83	5781.52
2712.44	6377.66
2715.06	7047.8
2717.67	7783.93
2720.28	8374.08
2722.88	8678.21
2725.49	8560.35
2728.09	8264.49
2730.68	7606.63
2733.28	6676.77
2735.87	6034.91
2738.45	5411.05
2741.04	4969.19
2743.62	4571.33
2746.2	4497.47
2748.78	4357.61
2751.35	4235.75
2753.92	4185.89
2756.48	4164.03
2759.05	4134.17
2761.61	4076.31
2764.16	4002.45
2766.72	3882.59
2769.27	3824.73
2771.82	3816.87
2774.36	3743.01
2776.91	3813.15
2779.45	3821.29
2781.98	3877.43
2784.52	3987.57
2787.05	3955.71
2789.58	4119.85
2792.1	4189.99
2794.62	4378.13
2797.14	4352.27
2799.66	4478.41
2802.17	4712.54
2804.68	4826.69
2807.19	5116.83
2809.69	5268.96
2812.19	5441.1
2814.69	5619.24
2817.18	6045.38
2819.67	6365.52
2822.16	6847.66
2824.65	7603.8
2827.13	8737.94
2829.61	10428.1
2832.09	12980.2
2834.56	17316.4
2837.03	25016.5
2839.5	35674.6
2841.96	47950.8
2844.43	57628.9
2846.88	60855.1
2849.34	58789.2
2851.79	53905.3
2854.24	49419.5
2856.69	46007.6
2859.13	43047.8
2861.57	40011.9
2864.01	37992
2866.44	37556.2
2868.87	39028.3
2871.3	43018.5
2873.73	47672.6
2876.15	53838.7
2878.57	71818.9
2880.99	105791
2883.4	111981
2885.81	80053.3
2888.22	56921.4
2890.62	46247.6
2893.02	40305.7
2895.42	39347.9
2897.82	38132
2900.21	35744.1
2902.6	34378.3
2904.99	33482.4
2907.37	31036.6
2909.75	28640.7
2912.13	26962.8
2914.5	25481
2916.87	25481.1
2919.24	26413.3
2921.6	27537.4
2923.97	28991.5
2926.32	29213.7
2928.68	27721.8
2931.04	26517.9
2933.38	25660.1
2935.73	25090.2
2938.07	23762.4
2940.42	21166.5
2942.75	18044.6
2945.09	15192.8
2947.42	12360.9
2949.75	10599.1
2952.08	10463.2
2954.4	11493.3
2956.72	12155.5
2959.03	11053.6
2961.35	10357.8
2963.66	11581.9
2965.97	13364
2968.27	11896.2
2970.57	8672.33
2972.87	6892.46
2975.17	5920.6
2977.46	5370.75
2979.75	5136.88
2982.04	4881.02
2984.32	4719.16
2986.6	4559.3
2988.88	4489.44
2991.15	4359.58
2993.42	4247.72
2995.69	4169.86
2997.96	4104
3000.22	3996.14
3002.48	3930.28
3004.73	3872.42
3006.99	3834.36
3009.24	3762.52
3011.48	3785.02
3013.73	3692.64
3015.97	3644.37
3018.21	3570.37
3020.44	3545.75
3022.67	3430
3024.9	3466.98
3027.13	3462.47
3029.35	3443
3031.57	3372.32
3033.79	3334.85
3036	3327.15
3038.21	3227.43
3040.42	3233.93
3042.63	3201.35
3044.83	3157.41
3047.03	3153.21
3049.22	3143.89
3051.41	3150.17
3053.6	3110.97
3055.79	3085.42
3057.97	3034.94
3060.15	3014.26
3062.33	2998.42
3064.5	2962.52
3066.68	2947.04
3068.42	2981.99
3070.87	2928.58
3073.33	2931.18
3075.78	2911.78
3078.23	2906.38
3080.67	2912.98
3083.11	2817.58
3085.55	2818.18
3087.99	2762.77
3090.43	2719.37
3092.86	2689.97
3095.29	2602.57
3097.72	2519.17
3100.14	2539.77
3102.56	2504.37
3104.98	2444.97
3107.4	2419.56
3109.81	2438.16
3112.22	2390.76
3114.63	2385.36
3117.03	2419.96
3119.44	2406.56
3121.84	2397.16
3124.23	2317.76
3126.63	2316.35
3129.02	2328.95
3131.41	2321.55
3133.8	2218.15
3136.18	2290.75
3138.56	2281.35
3140.94	2249.95
3143.32	2214.55
3145.69	2247.14
3148.06	2243.74
3150.43	2262.34
3152.8	2226.94
3155.16	2185.54
3157.52	2222.14
3159.88	2162.74
3162.23	2223.34
3164.58	2213.93
3166.93	2178.53
3169.28	2249.13
3171.62	2199.73
3173.96	2186.33
3176.3	2192.93
3178.64	2235.53
3180.97	2214.13
3183.3	2180.72
3185.63	2179.32
3187.95	2167.92
3190.28	2202.52
3192.59	2201.12
3194.91	2189.72
3197.23	2190.32
3199.54	2188.92
3201.84	2245.51
3204.15	2188.11
3206.45	2216.71
3208.76	2215.31
3211.05	2145.91
3213.35	2172.51
3215.64	2189.11
3217.93	2171.71
3220.22	2172.3
3222.5	2088.9
3224.78	2155.5
3227.06	2136.1
3229.34	2176.7
3231.61	2095.3
3233.88	2117.9
3236.15	2154.5
3238.42	2129.09
3240.68	2149.69
3242.94	2126.29
3245.2	2110.89
3247.45	2093.49
3249.7	2116.09
3251.95	2078.69
3254.2	2147.29
3256.44	2123.88
3258.68	2132.48
3260.92	2109.08
3263.15	2107.68
3265.39	2116.28
3267.62	2122.88
3269.84	2145.48
3272.07	2112.08
3274.29	2178.67
3276.51	2159.27
3278.73	2171.87
3280.94	2092.47
3283.15	2133.07
3285.36	2113.67
3287.56	2108.27
3289.77	2128.87
3291.97	2105.46
3294.16	2134.06
3296.36	2150.66
3298.55	2153.26
3300.74	2151.86
3302.92	2146.46
3305.11	2123.06
3307.29	2117.66
3309.47	2094.25
3311.64	2146.85
3313.81	2137.45
3315.99	2154.05
3318.15	2144.65
3320.32	2167.25
3322.48	2151.85
3324.64	2138.45
3326.79	2107.04
3328.94	2165.64
3331.1	2166.24
3333.24	2178.84
3335.39	2141.44
3337.53	2206.04
3339.67	2160.64
3341.81	2173.24
3343.94	2219.83
3346.07	2200.43
3348.2	2203.03
3350.33	2183.63
3352.45	2206.23
3354.57	2204.83
3356.69	2177.43
3358.8	2148.03
3360.92	2212.62
3363.02	2249.22
3365.13	2185.82
3367.24	2142.42
3369.34	2221.02
3371.43	2121.62
3373.53	2166.22
3375.62	2220.82
3377.71	2225.41
3379.8	2198.01
3381.88	2210.61
3383.97	2203.21
3386.05	2173.81
3388.12	2206.41
3390.2	2199.01
3392.27	2219.6
3394.33	2222.2
3396.4	2208.8
3398.46	2199.4
