4.038040000000000163e+01 3.774000000000000000e+03
4.502000000000000313e+01 3.617079999999999472e+03
4.965299999999999869e+01 4.486140000000001237e+03
5.428159999999999741e+01 6.839209999999999127e+03
5.890570000000000306e+01 9.842200000000000728e+03
6.352539999999999765e+01 1.241340000000000146e+04
6.814279999999999404e+01 1.187039999999999782e+04
7.275579999999999359e+01 1.037750000000000000e+04
7.736230000000000473e+01 9.672599999999998545e+03
8.196439999999999770e+01 8.811600000000002183e+03
8.656419999999999959e+01 7.936800000000002910e+03
9.115959999999999752e+01 6.647799999999999272e+03
9.575060000000000571e+01 6.012799999999999272e+03
1.003370000000000033e+02 5.650000000000000000e+03
1.049170000000000016e+02 5.491000000000000000e+03
1.094950000000000045e+02 4.924000000000000000e+03
1.140690000000000026e+02 4.731200000000000728e+03
1.186359999999999957e+02 4.344200000000000728e+03
1.232030000000000030e+02 4.169300000000002910e+03
1.277630000000000052e+02 3.864399999999997817e+03
1.323189999999999884e+02 3.773400000000001455e+03
1.368689999999999998e+02 3.532500000000000000e+03
1.414180000000000064e+02 3.689599999999998545e+03
1.459590000000000032e+02 3.336599999999998545e+03
1.505000000000000000e+02 3.517799999999999272e+03
1.550339999999999918e+02 3.392800000000001091e+03
1.595639999999999930e+02 3.293799999999999272e+03
1.640900000000000034e+02 3.135000000000000000e+03
1.686119999999999948e+02 3.296000000000000000e+03
1.731310000000000002e+02 3.033100000000000364e+03
1.776440000000000055e+02 2.944199999999998909e+03
1.821519999999999868e+02 3.435200000000000728e+03
1.866539999999999964e+02 2.912299999999999272e+03
1.911560000000000059e+02 3.119400000000001455e+03
1.956519999999999868e+02 3.158399999999999636e+03
2.001430000000000007e+02 3.141500000000000000e+03
2.046320000000000050e+02 2.840600000000000364e+03
2.091129999999999995e+02 2.875700000000000728e+03
2.135920000000000130e+02 2.702799999999999272e+03
2.180660000000000025e+02 2.737799999999999272e+03
2.225360000000000014e+02 2.790899999999999636e+03
2.270039999999999907e+02 2.888000000000001819e+03
2.314629999999999939e+02 3.079000000000000000e+03
2.359219999999999970e+02 2.800099999999998545e+03
2.403750000000000000e+02 2.977200000000000728e+03
2.448240000000000123e+02 3.008199999999998909e+03
2.492669999999999959e+02 2.613299999999999272e+03
2.537069999999999936e+02 2.956399999999999636e+03
2.581429999999999723e+02 2.713500000000000000e+03
2.625749999999999886e+02 2.936500000000001819e+03
2.670029999999999859e+02 2.979599999999998545e+03
2.714239999999999782e+02 2.714699999999998909e+03
2.758430000000000177e+02 2.663700000000000728e+03
2.802559999999999718e+02 2.664799999999999272e+03
2.846669999999999732e+02 2.613899999999997817e+03
2.890740000000000123e+02 2.713000000000000000e+03
2.934739999999999895e+02 2.634000000000001819e+03
2.978700000000000045e+02 2.695100000000002183e+03
3.022620000000000005e+02 2.504199999999998909e+03
3.066499999999999773e+02 2.513299999999999272e+03
3.110360000000000014e+02 2.740300000000001091e+03
3.154159999999999968e+02 2.429399999999997817e+03
3.197889999999999873e+02 2.624499999999998181e+03
3.241600000000000250e+02 2.551500000000000000e+03
3.285289999999999964e+02 2.602600000000002183e+03
3.328899999999999864e+02 2.487700000000000728e+03
3.372490000000000236e+02 2.492699999999998909e+03
3.416019999999999754e+02 2.475800000000001091e+03
3.459540000000000077e+02 2.736900000000001455e+03
3.502980000000000018e+02 2.429999999999998181e+03
3.546390000000000100e+02 2.451099999999998545e+03
3.589750000000000227e+02 2.478100000000000364e+03
3.633070000000000164e+02 2.431200000000000728e+03
3.676349999999999909e+02 2.284300000000001091e+03
3.719580000000000268e+02 2.181299999999999272e+03
3.762780000000000200e+02 2.428400000000001455e+03
3.805939999999999941e+02 2.147500000000000000e+03
3.849049999999999727e+02 2.440499999999998181e+03
3.892130000000000223e+02 2.417600000000000364e+03
3.935120000000000005e+02 2.302700000000000728e+03
3.978109999999999786e+02 2.697700000000000728e+03
4.021039999999999850e+02 2.450900000000001455e+03
4.063929999999999723e+02 2.719899999999999636e+03
4.106800000000000068e+02 2.609000000000000000e+03
4.149590000000000032e+02 2.700100000000000364e+03
4.192359999999999900e+02 2.695099999999998545e+03
4.235070000000000050e+02 2.726200000000000728e+03
4.277749999999999773e+02 2.431299999999999272e+03
4.320380000000000109e+02 2.574300000000001091e+03
4.362989999999999782e+02 2.831399999999999636e+03
4.405529999999999973e+02 2.604500000000000000e+03
4.448020000000000209e+02 2.671500000000000000e+03
4.490489999999999782e+02 2.430700000000000728e+03
4.532909999999999968e+02 2.745699999999998909e+03
4.575280000000000200e+02 2.754700000000000728e+03
4.617620000000000005e+02 2.681899999999999636e+03
4.659909999999999854e+02 2.540900000000001455e+03
4.702149999999999750e+02 2.447899999999999636e+03
4.744379999999999882e+02 2.789099999999998545e+03
4.786519999999999868e+02 2.828100000000000364e+03
4.828650000000000091e+02 2.577199999999998909e+03
4.870710000000000264e+02 2.686299999999999272e+03
4.912730000000000246e+02 2.737299999999999272e+03
4.954739999999999895e+02 2.722500000000000000e+03
4.996669999999999732e+02 2.799500000000001819e+03
5.038570000000000277e+02 2.646500000000000000e+03
5.080439999999999827e+02 2.763699999999998909e+03
5.122269999999999754e+02 2.576700000000000728e+03
5.164030000000000200e+02 2.655699999999998909e+03
5.205760000000000218e+02 2.626899999999997817e+03
5.247450000000000045e+02 2.565899999999999636e+03
5.289099999999999682e+02 2.681000000000000000e+03
5.330710000000000264e+02 2.654100000000002183e+03
5.372240000000000464e+02 2.869099999999998545e+03
5.413769999999999527e+02 2.456299999999999272e+03
5.455220000000000482e+02 2.883299999999999272e+03
5.496670000000000300e+02 2.716299999999999272e+03
5.538039999999999736e+02 2.981500000000000000e+03
5.579379999999999882e+02 2.854500000000000000e+03
5.620670000000000073e+02 2.967500000000000000e+03
5.661950000000000500e+02 2.810700000000000728e+03
5.703160000000000309e+02 2.833700000000000728e+03
5.744320000000000164e+02 2.908799999999999272e+03
5.785439999999999827e+02 2.749900000000001455e+03
5.826539999999999964e+02 2.560899999999997817e+03
5.867580000000000382e+02 2.863999999999998181e+03
5.908579999999999472e+02 2.521100000000000364e+03
5.949529999999999745e+02 2.290100000000002183e+03
5.990430000000000064e+02 2.677300000000001091e+03
6.031299999999999955e+02 2.600299999999999272e+03
6.072150000000000318e+02 2.565300000000001091e+03
6.112920000000000300e+02 2.448500000000000000e+03
6.153650000000000091e+02 2.191500000000000000e+03
6.194360000000000355e+02 2.134600000000000364e+03
6.234990000000000236e+02 2.083700000000000728e+03
6.275610000000000355e+02 1.964699999999998909e+03
6.316190000000000282e+02 1.959799999999999272e+03
6.356730000000000018e+02 1.988899999999999636e+03
6.397190000000000509e+02 1.913900000000001455e+03
6.437630000000000337e+02 1.933000000000000000e+03
6.478010000000000446e+02 1.890100000000000364e+03
6.518379999999999654e+02 1.859100000000000364e+03
6.558690000000000282e+02 1.972200000000000728e+03
6.598959999999999582e+02 1.911299999999999272e+03
6.639170000000000300e+02 1.802399999999999636e+03
6.679370000000000118e+02 1.805500000000000000e+03
6.719500000000000455e+02 1.976500000000000000e+03
6.759579999999999700e+02 1.873600000000000364e+03
6.799640000000000555e+02 1.750700000000000728e+03
6.839629999999999654e+02 1.783700000000000728e+03
6.879610000000000127e+02 1.856829999999999927e+03
6.919519999999999982e+02 1.829869999999998981e+03
6.959410000000000309e+02 1.736909999999999854e+03
6.999239999999999782e+02 1.714039999999999054e+03
7.039039999999999964e+02 1.887079999999999927e+03
7.078799999999999955e+02 1.742210000000000946e+03
7.118500000000000227e+02 2.019250000000000000e+03
7.158160000000000309e+02 1.888280000000000655e+03
7.197770000000000437e+02 1.889420000000000073e+03
7.237380000000000564e+02 1.886449999999998909e+03
7.276889999999999645e+02 1.677489999999999782e+03
7.316399999999999864e+02 1.728629999999999200e+03
7.355860000000000127e+02 1.657659999999999854e+03
7.395259999999999536e+02 1.662700000000000728e+03
7.434619999999999891e+02 1.665829999999999927e+03
7.473930000000000291e+02 1.640870000000000800e+03
7.513200000000000500e+02 1.588000000000000000e+03
7.552450000000000045e+02 1.563039999999999054e+03
7.591649999999999636e+02 1.456069999999999709e+03
7.630789999999999509e+02 1.289209999999999127e+03
7.669890000000000327e+02 1.544250000000000000e+03
7.708970000000000482e+02 1.503280000000000655e+03
7.747980000000000018e+02 1.358420000000000073e+03
7.786950000000000500e+02 1.397450000000000728e+03
7.825910000000000082e+02 1.360590000000000146e+03
7.864790000000000418e+02 1.391600000000000364e+03
7.903630000000000564e+02 1.462699999999998909e+03
7.942440000000000282e+02 1.615799999999999272e+03
7.981209999999999809e+02 1.574800000000001091e+03
8.019919999999999618e+02 1.543899999999999636e+03
8.058590000000000373e+02 1.459000000000000000e+03
8.097240000000000464e+02 1.526040000000000873e+03
8.135819999999999936e+02 1.279069999999999709e+03
8.174370000000000118e+02 1.362209999999999127e+03
8.212880000000000109e+02 1.543239999999999782e+03
8.251340000000000146e+02 1.412379999999999200e+03
8.289759999999999991e+02 1.479409999999999854e+03
8.328160000000000309e+02 1.618450000000000728e+03
8.366490000000000009e+02 1.557590000000000146e+03
8.404759999999999991e+02 1.510620000000000800e+03
8.443020000000000209e+02 1.463659999999999854e+03
8.481219999999999573e+02 1.586789999999999054e+03
8.519379999999999882e+02 1.729829999999999927e+03
8.557509999999999764e+02 1.764860000000000582e+03
8.595579999999999927e+02 2.054000000000000000e+03
8.633619999999999663e+02 2.499030000000000655e+03
8.671599999999999682e+02 2.764170000000000073e+03
8.709550000000000409e+02 2.271210000000000036e+03
8.747459999999999809e+02 1.976270000000000437e+03
8.785330000000000155e+02 1.789340000000000146e+03
8.823150000000000546e+02 1.806409999999998945e+03
8.860919999999999845e+02 1.815489999999999782e+03
8.898650000000000091e+02 1.630550000000000182e+03
8.936340000000000146e+02 1.835630000000001019e+03
8.973999999999999773e+02 1.868690000000000509e+03
9.011599999999999682e+02 2.119789999999999964e+03
9.049149999999999636e+02 2.276829999999999927e+03
9.086680000000000064e+02 2.239960000000000036e+03
9.124160000000000537e+02 2.423000000000000000e+03
9.161609999999999445e+02 2.478030000000000655e+03
9.198990000000000009e+02 2.567170000000000073e+03
9.236349999999999909e+02 2.810200000000000728e+03
9.273650000000000091e+02 2.827239999999999782e+03
9.310910000000000082e+02 2.950370000000000800e+03
9.348139999999999645e+02 2.865409999999999854e+03
9.385309999999999491e+02 2.660449999999998909e+03
9.422450000000000045e+02 2.605579999999999927e+03
9.459539999999999509e+02 2.326620000000000800e+03
9.496589999999999918e+02 2.089750000000000000e+03
9.533600000000000136e+02 2.238790000000000873e+03
9.570560000000000400e+02 2.113819999999999709e+03
9.607490000000000236e+02 2.416959999999999127e+03
9.644360000000000355e+02 2.417989999999999782e+03
9.681200000000000045e+02 2.749590000000000146e+03
9.717999999999999545e+02 2.737750000000000000e+03
9.754750000000000227e+02 2.881709999999999127e+03
9.791470000000000482e+02 2.460909999999999854e+03
9.828129999999999882e+02 2.288450000000000728e+03
9.864750000000000227e+02 2.141469999999999345e+03
9.901330000000000382e+02 1.936000000000000000e+03
9.937880000000000109e+02 1.986570000000001528e+03
9.974370000000000118e+02 1.849110000000000582e+03
1.001080000000000041e+03 1.907359999999998763e+03
1.004720000000000027e+03 1.933030000000000655e+03
1.008360000000000014e+03 1.933090000000000146e+03
1.011990000000000009e+03 1.946739999999999782e+03
1.015620000000000005e+03 1.955929999999998472e+03
1.019250000000000000e+03 2.065299999999999272e+03
1.022860000000000014e+03 2.231640000000001237e+03
1.026480000000000018e+03 2.208559999999999491e+03
1.030089999999999918e+03 2.071090000000000146e+03
1.033700000000000045e+03 1.995420000000000073e+03
1.037299999999999955e+03 2.067969999999999345e+03
1.040900000000000091e+03 2.057799999999999272e+03
1.044490000000000009e+03 2.106700000000000728e+03
1.048079999999999927e+03 1.992600000000000364e+03
1.051670000000000073e+03 2.275399999999999636e+03
1.055250000000000000e+03 2.263500000000000000e+03
1.058829999999999927e+03 2.305800000000001091e+03
1.062400000000000091e+03 2.404800000000001091e+03
1.065970000000000027e+03 2.740000000000000000e+03
1.067250000000000000e+03 2.896800000000001091e+03
1.071099999999999909e+03 2.869500000000000000e+03
1.074950000000000045e+03 2.990199999999998909e+03
1.078799999999999955e+03 2.930899999999999636e+03
1.082640000000000100e+03 2.941500000000000000e+03
1.086480000000000018e+03 3.074199999999998909e+03
1.090319999999999936e+03 2.870899999999999636e+03
1.094150000000000091e+03 2.941600000000002183e+03
1.097980000000000018e+03 2.904299999999999272e+03
1.101799999999999955e+03 2.682900000000001455e+03
1.105619999999999891e+03 2.653600000000000364e+03
1.109440000000000055e+03 2.594299999999999272e+03
1.113250000000000000e+03 2.449000000000000000e+03
1.117059999999999945e+03 2.447699999999998909e+03
1.120869999999999891e+03 2.158400000000001455e+03
1.124670000000000073e+03 2.113000000000000000e+03
1.128470000000000027e+03 1.883700000000000728e+03
1.132259999999999991e+03 1.838399999999999636e+03
1.136059999999999945e+03 1.769079999999999927e+03
1.139839999999999918e+03 1.705760000000000218e+03
1.143630000000000109e+03 1.508440000000000509e+03
1.147410000000000082e+03 1.727120000000000800e+03
1.151180000000000064e+03 1.809779999999998836e+03
1.154950000000000045e+03 1.472460000000000946e+03
1.158720000000000027e+03 1.715150000000000546e+03
1.162490000000000009e+03 1.679829999999999927e+03
1.166250000000000000e+03 1.442499999999999091e+03
1.170009999999999991e+03 1.395180000000000291e+03
1.173759999999999991e+03 1.301860000000000582e+03
1.177509999999999991e+03 1.412539999999999964e+03
1.181259999999999991e+03 1.437210000000000036e+03
1.185000000000000000e+03 1.321899999999999636e+03
1.188740000000000009e+03 1.368579999999999927e+03
1.192470000000000027e+03 1.341260000000000218e+03
1.196210000000000036e+03 1.285929999999999382e+03
1.199930000000000064e+03 1.278610000000000582e+03
1.203660000000000082e+03 1.347289999999999964e+03
1.207380000000000109e+03 1.291970000000000255e+03
1.211089999999999918e+03 1.328639999999999418e+03
1.214809999999999945e+03 1.413329999999999927e+03
1.218519999999999982e+03 1.390010000000000218e+03
1.222220000000000027e+03 1.344689999999999600e+03
1.225920000000000073e+03 1.399359999999999673e+03
1.229619999999999891e+03 1.500039999999999964e+03
1.233319999999999936e+03 1.602720000000000255e+03
1.237009999999999991e+03 1.747399999999999636e+03
1.240690000000000055e+03 2.166079999999999927e+03
1.244380000000000109e+03 2.410759999999999309e+03
1.248059999999999945e+03 2.949440000000000509e+03
1.251730000000000018e+03 3.514119999999999891e+03
1.255400000000000091e+03 4.012789999999999964e+03
1.259069999999999936e+03 4.537470000000000255e+03
1.262730000000000018e+03 5.330149999999999636e+03
1.266400000000000091e+03 5.280839999999999236e+03
1.270049999999999955e+03 5.095510000000000218e+03
1.273710000000000036e+03 4.052189999999999600e+03
1.277349999999999909e+03 3.488869999999999891e+03
1.281000000000000000e+03 2.823550000000000182e+03
1.284640000000000100e+03 2.608219999999999345e+03
1.288279999999999973e+03 2.274900000000000546e+03
1.291920000000000073e+03 2.141590000000000146e+03
1.295549999999999955e+03 1.952270000000000437e+03
1.299170000000000073e+03 2.124939999999999600e+03
1.302799999999999955e+03 2.023619999999999891e+03
1.306420000000000073e+03 1.954299999999999727e+03
1.310029999999999973e+03 1.782979999999999563e+03
1.313640000000000100e+03 1.589649999999999636e+03
1.317250000000000000e+03 1.476340000000000146e+03
1.320859999999999900e+03 1.401020000000000437e+03
1.324460000000000036e+03 1.259699999999999818e+03
1.328059999999999945e+03 1.162369999999999891e+03
1.331650000000000091e+03 1.063049999999999272e+03
1.335240000000000009e+03 1.157730000000000018e+03
1.338819999999999936e+03 1.056409999999999854e+03
1.342410000000000082e+03 9.971000000000003638e+02
1.345980000000000018e+03 1.137769999999999982e+03
1.349559999999999945e+03 9.084500000000002728e+02
1.353130000000000109e+03 8.911300000000001091e+02
1.356700000000000045e+03 9.138099999999994907e+02
1.360259999999999991e+03 9.964800000000000182e+02
1.363819999999999936e+03 9.911599999999993997e+02
1.367380000000000109e+03 1.069850000000000364e+03
1.370930000000000064e+03 8.965299999999997453e+02
1.374480000000000018e+03 9.972000000000002728e+02
1.378019999999999982e+03 9.878799999999996544e+02
1.381559999999999945e+03 8.625600000000004002e+02
1.385099999999999909e+03 9.292399999999997817e+02
1.388630000000000109e+03 9.759100000000003092e+02
1.392160000000000082e+03 1.016589999999999691e+03
1.395690000000000055e+03 9.552800000000006548e+02
1.399210000000000036e+03 1.135960000000000036e+03
1.402730000000000018e+03 1.182630000000000564e+03
1.406240000000000009e+03 1.153309999999999945e+03
1.409750000000000000e+03 1.267989999999999782e+03
1.413259999999999991e+03 1.370670000000000073e+03
1.416759999999999991e+03 1.385339999999999236e+03
1.420269999999999982e+03 1.354029999999999745e+03
1.423759999999999991e+03 1.564710000000000036e+03
1.427250000000000000e+03 1.657390000000000327e+03
1.430740000000000009e+03 1.956059999999999945e+03
1.434230000000000018e+03 2.362740000000000236e+03
1.437710000000000036e+03 2.609420000000000073e+03
1.441180000000000064e+03 2.650099999999999454e+03
1.444660000000000082e+03 2.634779999999999745e+03
1.448130000000000109e+03 2.341459999999999582e+03
1.451589999999999918e+03 2.322140000000000327e+03
1.455059999999999945e+03 2.138819999999999709e+03
1.458519999999999982e+03 1.937490000000000236e+03
1.461970000000000027e+03 1.738169999999999618e+03
1.465420000000000073e+03 1.438850000000000364e+03
1.468869999999999891e+03 1.277539999999999964e+03
1.472309999999999945e+03 1.148210000000000036e+03
1.475750000000000000e+03 1.044889999999999873e+03
1.479190000000000055e+03 1.041570000000000618e+03
1.482619999999999891e+03 9.602500000000000000e+02
1.486049999999999955e+03 1.004920000000000528e+03
1.489470000000000027e+03 9.455999999999999091e+02
1.492890000000000100e+03 9.422899999999995089e+02
1.496309999999999945e+03 9.489700000000002547e+02
1.499720000000000027e+03 8.656399999999994179e+02
1.503130000000000109e+03 9.983199999999997090e+02
1.506539999999999964e+03 8.850000000000000000e+02
1.509940000000000055e+03 8.476800000000002910e+02
1.513339999999999918e+03 9.343499999999994543e+02
1.516730000000000018e+03 9.030399999999999636e+02
1.520119999999999891e+03 9.697200000000002547e+02
1.523509999999999991e+03 9.463999999999996362e+02
1.526890000000000100e+03 9.310699999999997090e+02
1.530279999999999973e+03 8.917500000000000000e+02
1.533650000000000091e+03 8.704300000000002910e+02
1.537019999999999982e+03 8.611099999999996726e+02
1.540390000000000100e+03 8.477899999999999636e+02
1.543759999999999991e+03 8.764699999999993452e+02
1.547119999999999891e+03 8.671500000000005457e+02
1.550470000000000027e+03 1.015829999999999927e+03
1.553829999999999927e+03 8.985000000000000000e+02
1.557180000000000064e+03 8.971799999999993815e+02
1.560519999999999982e+03 8.458600000000005821e+02
1.563869999999999891e+03 8.165399999999999636e+02
1.567200000000000045e+03 8.932299999999995634e+02
1.570539999999999964e+03 8.599000000000000909e+02
1.573869999999999891e+03 8.805799999999994725e+02
1.577200000000000045e+03 8.352600000000002183e+02
1.580519999999999982e+03 9.679299999999993815e+02
1.583839999999999918e+03 9.526100000000001273e+02
1.587160000000000082e+03 8.972899999999999636e+02
1.590470000000000027e+03 1.019980000000000473e+03
1.593779999999999973e+03 9.566599999999998545e+02
1.597079999999999927e+03 9.073300000000003820e+02
1.600380000000000109e+03 9.140099999999997635e+02
1.603680000000000064e+03 1.038690000000000509e+03
1.606970000000000027e+03 1.053369999999999891e+03
1.610259999999999991e+03 1.116040000000000418e+03
1.613549999999999955e+03 1.158730000000000018e+03
1.616829999999999927e+03 1.211409999999999854e+03
1.620109999999999900e+03 1.344090000000000146e+03
1.623380000000000109e+03 1.438759999999999764e+03
1.626650000000000091e+03 1.497440000000000055e+03
1.629920000000000073e+03 1.594119999999999891e+03
1.633180000000000064e+03 1.682800000000000182e+03
1.636440000000000055e+03 1.851479999999999563e+03
1.639700000000000045e+03 2.276160000000000764e+03
1.642950000000000045e+03 2.976840000000000146e+03
1.646200000000000045e+03 3.943519999999999527e+03
1.649440000000000055e+03 5.426190000000000509e+03
1.652690000000000055e+03 7.506840000000000146e+03
1.655920000000000073e+03 9.685520000000000437e+03
1.659160000000000082e+03 1.099820999999999913e+04
1.662390000000000100e+03 9.550889999999999418e+03
1.665609999999999900e+03 6.925569999999999709e+03
1.668829999999999927e+03 4.402269999999999527e+03
1.672049999999999955e+03 2.922949999999999818e+03
1.675269999999999982e+03 2.233620000000000346e+03
1.678480000000000018e+03 1.784299999999999727e+03
1.681680000000000064e+03 1.516990000000000236e+03
1.684890000000000100e+03 1.335670000000000073e+03
1.688089999999999918e+03 1.310340000000000146e+03
1.691279999999999973e+03 1.175019999999999982e+03
1.694480000000000018e+03 1.107699999999999818e+03
1.697660000000000082e+03 1.044380000000000109e+03
1.700849999999999909e+03 9.410499999999997272e+02
1.704029999999999973e+03 8.937399999999997817e+02
1.707210000000000036e+03 9.984199999999996180e+02
1.710380000000000109e+03 9.931000000000003638e+02
1.713549999999999955e+03 8.657699999999995271e+02
1.716720000000000027e+03 9.284500000000007276e+02
1.719880000000000109e+03 9.171300000000001091e+02
1.723039999999999964e+03 9.858099999999994907e+02
1.726190000000000055e+03 9.064799999999995634e+02
1.729339999999999918e+03 9.471700000000000728e+02
1.732490000000000009e+03 9.038500000000003638e+02
1.735630000000000109e+03 7.505299999999997453e+02
1.738769999999999982e+03 8.551999999999998181e+02
1.741910000000000082e+03 1.007880000000000109e+03
1.745039999999999964e+03 9.065600000000004002e+02
1.748170000000000073e+03 8.612399999999997817e+02
1.751289999999999964e+03 8.939200000000000728e+02
1.754410000000000082e+03 7.945999999999994543e+02
1.757529999999999973e+03 7.452100000000000364e+02
1.760640000000000100e+03 8.103999999999996362e+02
1.763750000000000000e+03 8.514300000000002910e+02
1.766859999999999900e+03 8.781599999999998545e+02
1.769960000000000036e+03 8.908899999999994179e+02
1.773059999999999945e+03 8.427299999999995634e+02
1.776150000000000091e+03 7.669400000000005093e+02
1.779250000000000000e+03 8.670000000000000000e+02
1.782329999999999927e+03 8.433399999999992360e+02
1.785420000000000073e+03 7.248000000000001819e+02
1.788500000000000000e+03 7.637500000000000000e+02
1.791569999999999936e+03 7.658199999999997090e+02
1.794640000000000100e+03 7.590499999999992724e+02
1.797710000000000036e+03 7.475399999999999636e+02
1.800779999999999973e+03 7.997899999999999636e+02
1.803839999999999918e+03 8.011899999999995998e+02
1.806890000000000100e+03 8.536700000000000728e+02
1.809950000000000045e+03 8.464899999999997817e+02
1.813000000000000000e+03 8.522199999999993452e+02
1.816039999999999964e+03 8.485699999999997090e+02
1.819089999999999918e+03 8.232199999999993452e+02
1.822119999999999891e+03 8.416700000000000728e+02
1.825160000000000082e+03 7.960000000000000000e+02
1.828190000000000055e+03 8.022699999999995271e+02
1.831220000000000027e+03 8.224800000000004729e+02
1.834240000000000009e+03 7.968000000000001819e+02
1.837259999999999991e+03 7.686799999999993815e+02
1.840279999999999973e+03 7.890199999999995271e+02
1.840480000000000018e+03 7.904399999999995998e+02
1.843779999999999973e+03 7.589899999999997817e+02
1.847079999999999927e+03 8.795399999999999636e+02
1.850380000000000109e+03 7.820899999999992360e+02
1.853670000000000073e+03 8.186400000000003274e+02
1.856960000000000036e+03 8.471900000000005093e+02
1.860240000000000009e+03 7.257399999999997817e+02
1.863519999999999982e+03 6.942899999999999636e+02
1.866799999999999955e+03 8.528400000000001455e+02
1.870079999999999927e+03 8.373899999999994179e+02
1.873349999999999909e+03 9.099400000000005093e+02
1.876619999999999891e+03 8.644800000000004729e+02
1.879890000000000100e+03 8.590299999999997453e+02
1.883150000000000091e+03 7.315799999999999272e+02
1.886410000000000082e+03 8.301299999999991996e+02
1.889660000000000082e+03 7.846800000000002910e+02
1.892920000000000073e+03 7.272200000000002547e+02
1.896170000000000073e+03 8.557700000000004366e+02
1.899410000000000082e+03 8.543199999999997090e+02
1.902650000000000091e+03 7.588699999999998909e+02
1.905890000000000100e+03 7.214200000000000728e+02
1.909130000000000109e+03 7.859700000000002547e+02
1.912359999999999900e+03 8.125200000000004366e+02
1.915589999999999918e+03 8.350699999999997090e+02
1.918819999999999936e+03 8.416099999999996726e+02
1.922039999999999964e+03 7.061599999999998545e+02
1.925259999999999991e+03 7.407100000000000364e+02
1.928480000000000018e+03 7.872600000000002183e+02
1.931690000000000055e+03 7.878100000000004002e+02
1.934900000000000091e+03 8.183599999999996726e+02
1.938109999999999900e+03 8.089099999999998545e+02
1.941309999999999945e+03 7.914600000000000364e+02
1.944509999999999991e+03 8.080100000000002183e+02
1.947710000000000036e+03 8.645600000000004002e+02
1.950900000000000091e+03 8.311099999999996726e+02
1.954089999999999918e+03 8.476599999999998545e+02
1.957279999999999973e+03 6.921999999999998181e+02
1.960460000000000036e+03 7.967500000000000000e+02
1.963640000000000100e+03 8.553000000000001819e+02
1.966819999999999936e+03 8.638500000000003638e+02
1.969990000000000009e+03 8.183999999999996362e+02
1.973160000000000082e+03 7.829499999999998181e+02
1.976329999999999927e+03 8.035000000000000000e+02
1.979490000000000009e+03 7.540500000000001819e+02
1.982660000000000082e+03 9.246000000000003638e+02
1.985809999999999945e+03 7.651500000000005457e+02
1.988970000000000027e+03 8.476999999999998181e+02
1.992119999999999891e+03 7.902500000000000000e+02
1.995269999999999982e+03 8.707899999999999636e+02
1.998410000000000082e+03 8.193400000000001455e+02
2.001549999999999955e+03 7.918900000000003274e+02
2.004690000000000055e+03 7.484399999999995998e+02
2.007819999999999936e+03 9.109899999999997817e+02
2.010950000000000045e+03 8.175399999999999636e+02
2.014079999999999927e+03 8.220900000000001455e+02
2.017210000000000036e+03 8.866400000000003274e+02
2.020329999999999927e+03 8.671900000000005093e+02
2.023440000000000055e+03 8.257399999999997817e+02
2.026559999999999945e+03 7.582899999999999636e+02
2.029670000000000073e+03 6.968399999999992360e+02
2.032779999999999973e+03 8.393900000000003274e+02
2.035880000000000109e+03 7.299300000000002910e+02
2.038980000000000018e+03 7.644799999999995634e+02
2.042079999999999927e+03 6.950299999999997453e+02
2.045180000000000064e+03 7.395799999999999272e+02
2.048269999999999982e+03 8.161300000000001091e+02
2.051349999999999909e+03 8.726800000000002910e+02
2.054440000000000055e+03 7.272300000000004729e+02
2.057519999999999982e+03 7.377799999999997453e+02
2.060599999999999909e+03 8.223299999999999272e+02
2.063670000000000073e+03 8.488800000000001091e+02
2.066739999999999782e+03 8.614300000000002910e+02
2.069809999999999945e+03 8.359800000000004729e+02
2.072880000000000109e+03 6.765199999999995271e+02
2.075940000000000055e+03 7.090699999999997090e+02
2.079000000000000000e+03 9.976199999999998909e+02
2.082050000000000182e+03 8.561700000000000728e+02
2.085099999999999909e+03 9.207200000000002547e+02
2.088150000000000091e+03 8.712700000000004366e+02
2.091190000000000055e+03 8.178199999999997090e+02
2.094239999999999782e+03 7.623699999999998909e+02
2.097269999999999982e+03 8.609200000000000728e+02
2.100309999999999945e+03 8.634700000000002547e+02
2.103340000000000146e+03 8.720200000000004366e+02
2.106369999999999891e+03 8.345699999999997090e+02
2.109389999999999873e+03 8.111199999999998909e+02
2.112420000000000073e+03 8.836599999999998545e+02
2.115440000000000055e+03 9.042100000000000364e+02
2.118449999999999818e+03 7.687600000000002183e+02
2.121460000000000036e+03 7.173100000000004002e+02
2.124469999999999800e+03 8.058599999999996726e+02
2.127480000000000018e+03 7.764099999999998545e+02
2.130480000000000018e+03 8.329600000000000364e+02
2.133480000000000018e+03 9.315100000000002183e+02
2.136469999999999800e+03 8.500600000000004002e+02
2.139460000000000036e+03 8.246100000000005821e+02
2.142449999999999818e+03 7.151599999999998545e+02
2.145429999999999836e+03 8.057100000000000364e+02
2.148420000000000073e+03 8.302500000000000000e+02
2.151400000000000091e+03 8.987899999999999636e+02
2.154369999999999891e+03 7.593400000000001455e+02
2.157340000000000146e+03 9.138900000000003274e+02
2.160309999999999945e+03 7.964399999999995998e+02
2.163280000000000200e+03 7.929899999999997817e+02
2.166239999999999782e+03 7.575400000000008731e+02
2.169199999999999818e+03 8.560900000000001455e+02
2.172150000000000091e+03 7.846400000000003274e+02
2.175099999999999909e+03 8.411899999999995998e+02
2.178050000000000182e+03 8.097399999999997817e+02
2.181000000000000000e+03 7.922899999999999636e+02
2.183940000000000055e+03 8.908399999999992360e+02
2.186880000000000109e+03 7.733800000000001091e+02
2.189809999999999945e+03 7.699300000000002910e+02
2.192750000000000000e+03 8.284799999999995634e+02
2.195679999999999836e+03 7.950299999999997453e+02
2.198599999999999909e+03 7.155800000000008367e+02
2.201519999999999982e+03 8.361300000000001091e+02
2.204440000000000055e+03 8.306800000000002910e+02
2.207360000000000127e+03 8.212299999999995634e+02
2.210269999999999982e+03 8.837799999999997453e+02
2.213179999999999836e+03 8.063299999999999272e+02
2.216079999999999927e+03 8.708799999999991996e+02
2.218980000000000018e+03 8.194300000000002910e+02
2.221880000000000109e+03 7.999800000000004729e+02
2.224780000000000200e+03 8.505199999999995271e+02
2.227670000000000073e+03 9.130699999999997090e+02
2.230559999999999945e+03 8.776200000000008004e+02
2.233440000000000055e+03 8.901700000000000728e+02
2.236320000000000164e+03 8.447200000000002547e+02
2.239199999999999818e+03 8.252700000000004366e+02
2.242079999999999927e+03 7.558199999999997090e+02
2.244949999999999818e+03 8.383699999999998909e+02
2.247820000000000164e+03 8.329199999999991633e+02
2.250679999999999836e+03 8.814700000000002547e+02
2.253550000000000182e+03 7.700200000000004366e+02
2.256400000000000091e+03 8.485699999999997090e+02
2.259260000000000218e+03 7.811099999999996726e+02
2.262110000000000127e+03 8.176600000000007640e+02
2.264960000000000036e+03 9.102100000000000364e+02
2.267809999999999945e+03 8.427600000000002183e+02
2.270650000000000091e+03 8.233100000000004002e+02
2.273489999999999782e+03 7.738599999999996726e+02
2.276320000000000164e+03 7.344099999999998545e+02
2.279150000000000091e+03 8.269599999999991269e+02
2.281980000000000018e+03 8.155100000000002183e+02
2.284809999999999945e+03 8.600600000000004002e+02
2.287630000000000109e+03 9.546099999999996726e+02
2.290449999999999818e+03 7.651599999999998545e+02
2.293260000000000218e+03 9.097000000000007276e+02
2.296079999999999927e+03 8.162500000000000000e+02
2.298880000000000109e+03 7.148000000000001819e+02
2.301690000000000055e+03 8.673500000000003638e+02
2.304489999999999782e+03 8.698999999999996362e+02
2.307289999999999964e+03 7.744499999999998181e+02
2.310079999999999927e+03 8.250000000000000000e+02
2.312880000000000109e+03 8.095500000000001819e+02
2.315659999999999854e+03 8.061000000000003638e+02
2.318449999999999818e+03 9.066499999999996362e+02
2.321230000000000018e+03 7.911999999999998181e+02
2.324010000000000218e+03 9.397500000000000000e+02
2.326789999999999964e+03 9.142999999999992724e+02
2.329559999999999945e+03 8.928400000000001455e+02
2.332320000000000164e+03 8.573900000000003274e+02
2.335090000000000146e+03 9.199399999999995998e+02
2.337849999999999909e+03 8.144899999999997817e+02
2.340610000000000127e+03 9.830399999999999636e+02
2.343360000000000127e+03 9.375900000000001455e+02
2.346119999999999891e+03 7.701400000000003274e+02
2.348860000000000127e+03 8.986899999999995998e+02
2.351610000000000127e+03 8.572399999999997817e+02
2.354349999999999909e+03 9.477899999999999636e+02
2.357090000000000146e+03 9.443399999999992360e+02
2.359829999999999927e+03 8.908900000000003274e+02
2.362559999999999945e+03 9.414300000000002910e+02
2.365289999999999964e+03 9.879799999999995634e+02
2.368010000000000218e+03 9.645299999999997453e+02
2.370730000000000018e+03 8.890699999999997090e+02
2.373449999999999818e+03 1.023619999999999891e+03
2.376170000000000073e+03 9.141700000000000728e+02
2.378880000000000109e+03 9.087200000000002547e+02
2.381590000000000146e+03 1.007269999999999527e+03
2.384289999999999964e+03 9.958199999999997090e+02
2.386989999999999782e+03 1.052369999999999891e+03
2.389690000000000055e+03 1.008920000000000073e+03
2.392380000000000109e+03 9.634700000000002547e+02
2.395079999999999927e+03 9.540200000000004366e+02
2.397760000000000218e+03 9.785599999999994907e+02
2.400449999999999818e+03 9.131099999999996726e+02
2.403130000000000109e+03 9.236600000000007640e+02
2.405809999999999945e+03 8.722100000000000364e+02
2.408480000000000018e+03 9.407600000000002183e+02
2.411150000000000091e+03 1.163309999999999491e+03
2.413820000000000164e+03 1.073859999999999673e+03
2.416489999999999782e+03 9.424099999999998545e+02
2.419150000000000091e+03 9.949600000000000364e+02
2.421809999999999945e+03 9.595100000000002183e+02
2.424460000000000036e+03 1.046060000000000400e+03
2.427110000000000127e+03 1.042609999999999673e+03
2.429760000000000218e+03 9.708699999999998909e+02
2.432409999999999854e+03 1.072829999999999927e+03
2.435050000000000182e+03 1.131640000000000327e+03
2.437690000000000055e+03 1.014779999999999745e+03
2.440320000000000164e+03 1.003720000000000255e+03
2.442949999999999818e+03 9.917299999999995634e+02
2.445579999999999927e+03 1.013199999999999818e+03
2.448210000000000036e+03 1.033710000000000036e+03
2.450829999999999927e+03 9.615900000000001455e+02
2.453449999999999818e+03 9.634299999999993815e+02
2.456059999999999945e+03 1.088210000000000036e+03
2.458670000000000073e+03 1.067380000000000109e+03
2.461280000000000200e+03 9.043100000000004002e+02
2.463880000000000109e+03 1.035450000000000728e+03
2.466489999999999782e+03 1.049670000000000073e+03
2.469079999999999927e+03 9.672500000000000000e+02
2.471679999999999836e+03 1.032850000000000364e+03
2.474269999999999982e+03 1.008279999999999745e+03
2.476860000000000127e+03 1.022109999999999673e+03
2.479440000000000055e+03 9.882100000000000364e+02
2.482019999999999982e+03 9.596800000000002910e+02
2.484599999999999909e+03 9.447500000000000000e+02
2.487170000000000073e+03 1.001130000000000109e+03
2.489750000000000000e+03 1.059689999999999600e+03
2.492309999999999945e+03 1.015789999999999964e+03
2.494880000000000109e+03 9.986000000000003638e+02
2.497440000000000055e+03 1.097539999999999964e+03
2.500000000000000000e+03 1.101159999999999854e+03
2.502239999999999782e+03 1.019110000000000582e+03
2.505079999999999927e+03 9.112699999999995271e+02
2.507920000000000073e+03 1.109420000000000073e+03
2.510760000000000218e+03 1.123579999999999927e+03
2.513590000000000146e+03 9.977300000000004729e+02
2.516420000000000073e+03 9.818899999999994179e+02
2.519250000000000000e+03 1.016039999999999964e+03
2.522070000000000164e+03 1.028199999999999818e+03
2.524889999999999873e+03 1.094350000000000364e+03
2.527710000000000036e+03 9.965100000000002183e+02
2.530530000000000200e+03 1.042649999999999636e+03
2.533340000000000146e+03 1.020810000000000400e+03
2.536150000000000091e+03 1.198960000000000036e+03
2.538949999999999818e+03 9.531200000000008004e+02
2.541760000000000218e+03 1.055269999999999527e+03
2.544559999999999945e+03 1.057430000000000291e+03
2.547360000000000127e+03 9.855799999999999272e+02
2.550150000000000091e+03 1.071730000000000473e+03
2.552940000000000055e+03 1.029889999999999418e+03
2.555730000000000018e+03 1.136039999999999964e+03
2.558519999999999982e+03 1.002199999999999818e+03
2.561300000000000182e+03 1.048350000000000364e+03
2.564079999999999927e+03 1.082510000000000218e+03
2.566860000000000127e+03 1.018659999999999854e+03
2.569630000000000109e+03 8.968199999999997090e+02
2.572409999999999854e+03 1.008970000000000255e+03
2.575170000000000073e+03 1.109130000000000109e+03
2.577940000000000055e+03 9.872799999999997453e+02
2.580699999999999818e+03 1.119439999999999600e+03
2.583460000000000036e+03 1.019590000000000146e+03
2.586219999999999800e+03 1.215750000000000000e+03
2.588969999999999800e+03 1.055899999999999636e+03
2.591719999999999800e+03 1.056059999999999491e+03
2.594469999999999800e+03 9.322100000000000364e+02
2.597219999999999800e+03 1.020359999999999673e+03
2.599960000000000036e+03 9.045200000000004366e+02
2.602699999999999818e+03 1.070670000000000073e+03
2.605429999999999836e+03 1.058829999999999927e+03
2.608170000000000073e+03 9.789800000000004729e+02
2.610900000000000091e+03 1.053130000000000109e+03
2.613619999999999891e+03 9.692799999999997453e+02
2.616349999999999909e+03 1.201439999999999600e+03
2.619070000000000164e+03 1.053590000000000146e+03
2.621789999999999964e+03 9.877500000000000000e+02
2.624500000000000000e+03 1.159899999999999636e+03
2.627219999999999800e+03 9.260599999999994907e+02
2.629929999999999836e+03 9.162100000000000364e+02
2.632630000000000109e+03 9.243699999999998909e+02
2.635329999999999927e+03 1.040520000000000437e+03
2.638039999999999964e+03 1.016680000000000291e+03
2.640730000000000018e+03 1.128829999999999927e+03
2.643429999999999836e+03 1.048990000000000691e+03
2.646119999999999891e+03 1.026200000000000728e+03
2.648809999999999945e+03 9.894200000000000728e+02
2.651489999999999782e+03 1.074640000000000327e+03
2.654179999999999836e+03 1.141850000000000364e+03
2.656860000000000127e+03 9.910699999999997090e+02
2.659530000000000200e+03 1.152289999999999964e+03
2.662210000000000036e+03 1.099500000000000000e+03
2.664880000000000109e+03 1.216720000000000255e+03
2.667539999999999964e+03 1.123930000000000291e+03
2.670210000000000036e+03 9.731499999999996362e+02
2.672869999999999891e+03 9.563599999999996726e+02
2.675530000000000200e+03 1.189579999999999927e+03
2.678190000000000055e+03 1.078799999999999272e+03
2.680840000000000146e+03 1.094009999999999309e+03
2.683489999999999782e+03 1.133230000000000473e+03
2.686139999999999873e+03 1.146449999999999818e+03
2.688780000000000200e+03 1.145670000000000073e+03
2.691420000000000073e+03 1.048880000000000109e+03
2.694059999999999945e+03 1.256100000000000364e+03
2.696699999999999818e+03 1.159319999999999709e+03
2.699329999999999927e+03 1.136529999999999745e+03
2.701960000000000036e+03 1.067750000000000000e+03
2.704579999999999927e+03 1.132970000000000255e+03
2.707210000000000036e+03 1.204170000000000073e+03
2.709829999999999927e+03 1.303390000000000327e+03
2.712440000000000055e+03 1.168609999999999673e+03
2.715059999999999945e+03 1.267829999999999927e+03
2.717670000000000073e+03 1.387039999999999964e+03
2.720280000000000200e+03 1.400260000000000218e+03
2.722880000000000109e+03 1.437480000000000473e+03
2.725489999999999782e+03 1.414690000000000509e+03
2.728090000000000146e+03 1.381910000000000764e+03
2.730679999999999836e+03 1.475129999999999200e+03
2.733280000000000200e+03 1.316349999999999454e+03
2.735869999999999891e+03 1.353559999999999491e+03
2.738449999999999818e+03 1.250779999999999745e+03
2.741039999999999964e+03 1.246000000000000000e+03
2.743619999999999891e+03 1.177210000000000036e+03
2.746199999999999818e+03 1.142430000000000291e+03
2.748780000000000200e+03 1.129640000000000327e+03
2.751349999999999909e+03 1.140849999999999454e+03
2.753920000000000073e+03 1.078069999999999709e+03
2.756480000000000018e+03 1.259289999999999964e+03
2.759050000000000182e+03 1.180510000000000218e+03
2.761610000000000127e+03 1.101720000000000255e+03
2.764159999999999854e+03 1.128940000000000509e+03
2.766719999999999800e+03 1.132159999999999854e+03
2.769269999999999982e+03 1.263369999999999891e+03
2.771820000000000164e+03 1.344590000000000146e+03
2.774360000000000127e+03 1.391810000000000400e+03
2.776909999999999854e+03 1.283029999999998836e+03
2.779449999999999818e+03 1.250239999999999782e+03
2.781980000000000018e+03 1.427460000000000036e+03
2.784519999999999982e+03 1.386680000000000291e+03
2.787050000000000182e+03 1.435880000000000109e+03
2.789579999999999927e+03 1.635100000000000364e+03
2.792099999999999909e+03 1.576319999999998799e+03
2.794619999999999891e+03 1.547529999999998836e+03
2.797139999999999873e+03 1.470750000000000000e+03
2.799659999999999854e+03 1.671970000000000255e+03
2.802170000000000073e+03 1.675190000000000509e+03
2.804679999999999836e+03 1.648400000000000546e+03
2.807190000000000055e+03 1.661620000000000800e+03
2.809690000000000055e+03 1.816839999999999236e+03
2.812190000000000055e+03 1.998049999999999272e+03
2.814690000000000055e+03 2.065269999999999527e+03
2.817179999999999836e+03 2.152490000000000691e+03
2.819670000000000073e+03 2.211710000000000946e+03
2.822159999999999854e+03 2.362920000000000982e+03
2.824650000000000091e+03 2.590139999999999418e+03
2.827130000000000109e+03 2.673380000000000109e+03
2.829610000000000127e+03 2.920600000000000364e+03
2.832090000000000146e+03 3.131819999999999709e+03
2.834559999999999945e+03 3.375039999999999964e+03
2.837030000000000200e+03 3.678260000000000218e+03
2.839500000000000000e+03 3.783480000000000473e+03
2.841960000000000036e+03 4.208600000000000364e+03
2.844429999999999836e+03 4.959820000000000618e+03
2.846880000000000109e+03 5.797039999999999054e+03
2.849340000000000146e+03 6.742259999999999309e+03
2.851789999999999964e+03 7.441479999999999563e+03
2.854239999999999782e+03 7.900700000000000728e+03
2.856690000000000055e+03 7.981920000000000982e+03
2.859130000000000109e+03 7.677139999999999418e+03
2.861570000000000164e+03 7.460359999999999673e+03
2.864010000000000218e+03 7.157569999999999709e+03
2.866440000000000055e+03 7.074789999999999964e+03
2.868869999999999891e+03 6.982010000000001128e+03
2.871300000000000182e+03 7.113229999999999563e+03
2.873730000000000018e+03 7.554449999999999818e+03
2.876150000000000091e+03 7.757670000000000073e+03
2.878570000000000164e+03 7.724890000000000327e+03
2.880989999999999782e+03 7.724110000000000582e+03
2.883400000000000091e+03 7.683329999999999018e+03
2.885809999999999945e+03 7.880549999999999272e+03
2.888219999999999800e+03 7.957770000000000437e+03
2.890619999999999891e+03 8.364990000000001601e+03
2.893019999999999982e+03 8.342210000000000946e+03
2.895420000000000073e+03 8.733430000000000291e+03
2.897820000000000164e+03 8.690650000000001455e+03
2.900210000000000036e+03 8.665860000000000582e+03
2.902599999999999909e+03 8.933079999999998108e+03
2.904989999999999782e+03 9.048300000000001091e+03
2.907369999999999891e+03 8.963520000000000437e+03
2.909750000000000000e+03 9.004740000000001601e+03
2.912130000000000109e+03 8.843959999999999127e+03
2.914500000000000000e+03 8.635179999999998472e+03
2.916869999999999891e+03 8.492400000000001455e+03
2.919239999999999782e+03 8.221619999999998981e+03
2.921599999999999909e+03 8.314840000000000146e+03
2.923969999999999800e+03 8.231959999999999127e+03
2.926320000000000164e+03 8.333180000000000291e+03
2.928679999999999836e+03 8.402400000000001455e+03
2.931039999999999964e+03 8.821620000000000800e+03
2.933380000000000109e+03 8.910840000000000146e+03
2.935730000000000018e+03 8.940060000000001310e+03
2.938070000000000164e+03 8.625270000000000437e+03
2.940420000000000073e+03 8.002490000000000691e+03
2.942750000000000000e+03 7.311710000000000946e+03
2.945090000000000146e+03 6.722929999999999382e+03
2.947420000000000073e+03 6.206149999999999636e+03
2.949750000000000000e+03 5.923369999999999891e+03
2.952079999999999927e+03 5.660590000000000146e+03
2.954400000000000091e+03 5.341810000000001310e+03
2.956719999999999800e+03 5.273029999999998836e+03
2.959030000000000200e+03 5.126250000000000000e+03
2.961349999999999909e+03 5.061469999999999345e+03
2.963659999999999854e+03 5.100690000000000509e+03
2.965969999999999800e+03 4.977909999999999854e+03
2.968269999999999982e+03 4.847129999999999200e+03
2.970570000000000164e+03 4.768350000000000364e+03
2.972869999999999891e+03 4.505559999999999491e+03
2.975170000000000073e+03 4.156780000000000655e+03
2.977460000000000036e+03 3.954000000000000000e+03
2.979750000000000000e+03 3.705219999999999345e+03
2.982039999999999964e+03 3.242440000000000509e+03
2.984320000000000164e+03 3.107659999999999854e+03
2.986599999999999909e+03 3.110880000000001019e+03
2.988880000000000109e+03 2.872100000000000364e+03
2.991150000000000091e+03 2.887319999999999709e+03
2.993420000000000073e+03 2.876539999999999054e+03
2.995690000000000055e+03 3.013760000000000218e+03
2.997960000000000036e+03 3.082979999999999563e+03
3.000219999999999800e+03 3.622200000000000728e+03
3.002480000000000018e+03 4.027420000000000073e+03
3.004730000000000018e+03 4.652539999999999054e+03
3.006989999999999782e+03 5.747519999999998618e+03
3.009239999999999782e+03 7.062630000000001019e+03
3.011480000000000018e+03 8.293469999999999345e+03
3.013730000000000018e+03 9.497819999999999709e+03
3.015969999999999800e+03 9.906329999999999927e+03
3.018210000000000036e+03 9.690280000000000655e+03
3.020440000000000055e+03 8.759719999999999345e+03
3.022670000000000073e+03 7.633939999999998690e+03
3.024900000000000091e+03 6.258010000000000218e+03
3.027130000000000109e+03 5.018149999999999636e+03
3.029349999999999909e+03 4.109359999999998763e+03
3.031570000000000164e+03 3.636420000000000073e+03
3.033789999999999964e+03 3.100329999999999927e+03
3.036000000000000000e+03 2.753009999999998399e+03
3.038210000000000036e+03 2.541420000000000073e+03
3.040420000000000073e+03 2.302250000000000000e+03
3.042630000000000109e+03 2.206729999999999563e+03
3.044829999999999927e+03 2.069710000000000946e+03
3.047030000000000200e+03 1.999180000000000291e+03
3.049219999999999800e+03 1.927420000000000073e+03
3.051409999999999854e+03 1.775459999999999127e+03
3.053599999999999909e+03 1.823819999999999709e+03
3.055789999999999964e+03 1.860069999999999709e+03
3.057969999999999800e+03 1.768319999999999709e+03
3.060150000000000091e+03 1.674069999999999709e+03
3.062329999999999927e+03 1.645140000000001237e+03
3.064500000000000000e+03 1.593670000000000073e+03
3.066679999999999836e+03 1.526829999999999927e+03
3.068420000000000073e+03 1.609069999999999709e+03
3.070869999999999891e+03 1.556140000000001237e+03
3.073329999999999927e+03 1.735299999999999272e+03
3.075780000000000200e+03 1.500459999999999127e+03
3.078230000000000018e+03 1.507620000000000800e+03
3.080670000000000073e+03 1.366679999999998472e+03
3.083110000000000127e+03 1.461850000000000364e+03
3.085550000000000182e+03 1.257010000000000218e+03
3.087989999999999782e+03 1.434170000000000073e+03
3.090429999999999836e+03 1.265229999999999563e+03
3.092860000000000127e+03 1.186400000000001455e+03
3.095289999999999964e+03 1.513559999999999491e+03
3.097719999999999800e+03 1.136720000000001164e+03
3.100139999999999873e+03 1.165780000000000655e+03
3.102559999999999945e+03 1.244940000000000509e+03
3.104980000000000018e+03 1.114110000000000582e+03
3.107400000000000091e+03 1.263170000000000073e+03
3.109809999999999945e+03 1.216329999999999927e+03
3.112219999999999800e+03 1.057489999999999782e+03
3.114630000000000109e+03 1.032649999999999636e+03
3.117030000000000200e+03 1.153719999999999345e+03
3.119440000000000055e+03 1.254880000000001019e+03
3.121840000000000146e+03 1.054039999999999054e+03
3.124230000000000018e+03 1.145200000000000728e+03
3.126630000000000109e+03 1.014260000000000218e+03
3.129019999999999982e+03 1.129429999999998472e+03
3.131409999999999854e+03 1.162590000000000146e+03
3.133800000000000182e+03 1.353750000000000000e+03
3.136179999999999836e+03 1.254809999999999491e+03
3.138559999999999945e+03 1.177969999999999345e+03
3.140940000000000055e+03 1.177140000000001237e+03
3.143320000000000164e+03 1.170299999999999272e+03
3.145690000000000055e+03 1.041399999999999636e+03
3.148059999999999945e+03 1.030500000000000000e+03
3.150429999999999836e+03 9.676999999999989086e+02
3.152800000000000182e+03 1.078750000000000000e+03
3.155159999999999854e+03 1.103909999999999854e+03
3.157519999999999982e+03 1.235100000000000364e+03
3.159880000000000109e+03 1.076200000000000728e+03
3.162230000000000018e+03 1.061300000000001091e+03
3.164579999999999927e+03 1.074500000000000000e+03
3.166929999999999836e+03 1.283600000000000364e+03
3.169280000000000200e+03 1.280799999999999272e+03
3.171619999999999891e+03 1.119799999999999272e+03
3.173960000000000036e+03 1.235000000000000000e+03
3.176300000000000182e+03 1.058199999999998909e+03
3.178639999999999873e+03 1.053299999999999272e+03
3.180969999999999800e+03 1.250399999999999636e+03
3.183300000000000182e+03 1.281599999999998545e+03
3.185630000000000109e+03 1.130700000000000728e+03
3.187949999999999818e+03 1.245900000000001455e+03
3.190280000000000200e+03 1.198899999999999636e+03
3.192590000000000146e+03 1.162100000000000364e+03
3.194909999999999854e+03 1.359300000000001091e+03
3.197230000000000018e+03 1.210299999999999272e+03
3.199539999999999964e+03 1.171500000000000000e+03
3.201840000000000146e+03 1.104700000000000728e+03
3.204150000000000091e+03 1.077799999999999272e+03
3.206449999999999818e+03 1.230899999999999636e+03
3.208760000000000218e+03 1.140000000000000000e+03
3.211050000000000182e+03 1.049199999999998909e+03
3.213349999999999909e+03 1.168399999999999636e+03
3.215639999999999873e+03 1.295400000000001455e+03
3.217929999999999836e+03 1.158600000000000364e+03
3.220219999999999800e+03 1.029700000000000728e+03
3.222500000000000000e+03 1.102899999999999636e+03
3.224780000000000200e+03 1.234000000000000000e+03
3.227059999999999945e+03 1.063100000000000364e+03
3.229340000000000146e+03 1.160299999999999272e+03
3.231610000000000127e+03 1.101500000000000000e+03
3.233880000000000109e+03 1.078500000000000000e+03
3.236150000000000091e+03 1.221699999999998909e+03
3.238420000000000073e+03 1.378799999999999272e+03
3.240679999999999836e+03 1.153899999999999636e+03
3.242940000000000055e+03 1.299099999999998545e+03
3.245199999999999818e+03 1.226200000000000728e+03
3.247449999999999818e+03 1.207400000000001455e+03
3.249699999999999818e+03 1.226500000000000000e+03
3.251949999999999818e+03 1.333600000000000364e+03
3.254199999999999818e+03 1.332800000000001091e+03
3.256440000000000055e+03 1.161899999999999636e+03
3.258679999999999836e+03 1.219000000000000000e+03
3.260920000000000073e+03 1.230200000000000728e+03
3.263150000000000091e+03 1.227299999999999272e+03
3.265389999999999873e+03 1.158500000000000000e+03
3.267619999999999891e+03 1.325600000000000364e+03
3.269840000000000146e+03 1.242699999999998909e+03
3.272070000000000164e+03 1.267899999999999636e+03
3.274289999999999964e+03 1.165000000000000000e+03
3.276510000000000218e+03 1.136100000000000364e+03
3.278730000000000018e+03 1.309300000000001091e+03
3.280940000000000055e+03 1.364399999999999636e+03
3.283150000000000091e+03 1.317500000000000000e+03
3.285360000000000127e+03 1.268600000000000364e+03
3.287559999999999945e+03 1.331799999999999272e+03
3.289769999999999982e+03 1.437000000000000000e+03
3.291969999999999800e+03 1.258000000000000000e+03
3.294159999999999854e+03 1.217199999999998909e+03
3.296360000000000127e+03 1.210399999999999636e+03
3.298550000000000182e+03 1.267500000000000000e+03
3.300739999999999782e+03 1.324599999999998545e+03
3.302920000000000073e+03 1.399700000000000728e+03
3.305110000000000127e+03 1.294900000000001455e+03
3.307289999999999964e+03 1.398100000000000364e+03
3.309469999999999800e+03 1.077100000000000364e+03
3.311639999999999873e+03 1.290300000000001091e+03
3.313809999999999945e+03 1.351500000000000000e+03
3.315989999999999782e+03 1.232600000000000364e+03
3.318150000000000091e+03 1.185700000000000728e+03
3.320320000000000164e+03 1.220799999999999272e+03
3.322480000000000018e+03 1.130000000000000000e+03
3.324639999999999873e+03 1.381100000000000364e+03
3.326789999999999964e+03 1.310199999999998909e+03
3.328940000000000055e+03 1.415399999999999636e+03
3.331099999999999909e+03 1.170599999999998545e+03
3.333239999999999782e+03 1.147600000000000364e+03
3.335389999999999873e+03 1.258800000000001091e+03
3.337530000000000200e+03 1.197899999999999636e+03
3.339670000000000073e+03 1.273100000000000364e+03
3.341809999999999945e+03 1.234200000000000728e+03
3.343940000000000055e+03 1.483299999999999272e+03
3.346070000000000164e+03 1.256500000000000000e+03
3.348199999999999818e+03 1.395600000000000364e+03
3.350329999999999927e+03 1.380699999999998909e+03
3.352449999999999818e+03 1.267899999999999636e+03
3.354570000000000164e+03 1.427000000000000000e+03
3.356690000000000055e+03 1.320199999999998909e+03
3.358800000000000182e+03 1.343299999999999272e+03
3.360920000000000073e+03 1.426400000000001455e+03
3.363019999999999982e+03 1.161600000000000364e+03
3.365130000000000109e+03 1.440600000000000364e+03
3.367239999999999782e+03 1.217800000000001091e+03
3.369340000000000146e+03 1.333000000000000000e+03
3.371429999999999836e+03 1.152100000000000364e+03
3.373530000000000200e+03 1.391200000000000728e+03
3.375619999999999891e+03 1.150399999999999636e+03
3.377710000000000036e+03 1.281500000000000000e+03
3.379800000000000182e+03 1.152699999999998909e+03
3.381880000000000109e+03 1.137699999999998909e+03
3.383969999999999800e+03 1.428899999999999636e+03
3.386050000000000182e+03 1.284099999999998545e+03
3.388119999999999891e+03 1.431200000000000728e+03
3.390199999999999818e+03 1.182300000000001091e+03
3.392269999999999982e+03 1.363500000000000000e+03
3.394329999999999927e+03 1.286600000000000364e+03
3.396400000000000091e+03 1.231800000000001091e+03
3.398460000000000036e+03 1.340799999999999272e+03
