40.3804	11132
45.02	12922.4
49.653	22740.8
54.2816	34349.2
58.9057	56747.6
63.5254	108072
68.1428	122772
72.7558	86434.8
77.3623	68961.2
81.9644	67649.6
86.5642	57718
91.1596	46838.4
95.7506	40794.8
100.337	37573.2
104.917	35823.6
109.495	32698
114.069	28180.4
118.636	25260.8
123.203	23283.3
127.763	22021.7
132.319	21868.1
136.869	22698.5
141.418	22900.9
145.959	21503.3
150.5	21771.7
155.034	24866.1
159.564	32090.5
164.09	37190.9
168.612	32139.3
173.131	28017.7
177.644	25052.1
182.152	22356.5
186.654	18912.9
191.156	15983.3
195.652	14479.7
200.143	13472.1
204.632	12872.5
209.113	12384.9
213.592	12247.3
218.066	12135.7
222.536	12238.1
227.004	12092.5
231.463	11862.9
235.922	11763.3
240.375	11611.7
244.824	11508.1
249.267	11262.5
253.707	10940.9
258.143	10893.3
262.575	10857.7
267.003	10928.1
271.424	11126.5
275.843	11192.9
280.256	10823.4
284.667	10965.8
289.074	11072.2
293.474	10968.6
297.87	10997
302.262	10965.4
306.65	10797.8
311.036	10874.2
315.416	10702.6
319.789	10779
324.16	10725.4
328.529	10611.8
332.89	10766.2
337.249	10808.6
341.602	10817
345.954	10919.4
350.298	11065.8
354.639	11016.2
358.975	11176.6
363.307	11417
367.635	11891.4
371.958	14301.8
376.278	16430.2
380.594	13942.6
384.905	11423
389.213	10707.4
393.512	10431.8
397.811	10354.2
402.104	10468.6
406.393	10347
410.68	10495.4
414.959	10499.8
419.236	10504.2
423.507	10746.6
427.775	11049
432.038	11857.5
436.299	11881.9
440.553	11010.3
444.802	10778.7
449.049	10777.1
453.291	10857.5
457.528	11169.9
461.762	10846.3
465.991	10692.7
470.215	10451.1
474.438	10549.5
478.652	10507.9
482.865	10546.3
487.071	10544.7
491.273	10835.1
495.474	10765.5
499.667	10177.9
503.857	10086.3
508.044	10068.7
512.227	10211.1
516.403	9687.51
520.576	9345.91
524.745	9136.31
528.91	9434.72
533.071	9765.12
537.224	9181.52
541.377	8753.92
545.522	8486.33
549.667	8062.73
553.804	7767.13
557.938	7591.54
562.067	7777.94
566.195	7888.34
570.316	8016.74
574.432	7729.15
578.544	7305.55
582.654	6793.95
586.758	6590.35
590.858	6330.76
594.953	6105.16
599.043	6043.56
603.13	5803.97
607.215	5724.37
611.292	5682.77
615.365	5661.17
619.436	5605.58
623.499	5505.98
627.561	5668.38
631.619	5784.79
635.673	5663.19
639.719	5593.59
643.763	5683.99
647.801	5996.4
651.838	6220.8
655.869	6395.2
659.896	6287.61
663.917	6566.01
667.937	7188.41
671.95	7312.81
675.958	6743.22
679.964	5997.62
683.963	5520.02
687.961	5374.43
691.952	5250.83
695.941	5183.23
699.924	5149.63
703.904	5134.04
707.88	5120.44
711.85	5128.84
715.816	5185.25
719.777	5213.65
723.738	5258.05
727.689	5412.46
731.64	5520.86
735.586	5407.26
739.526	5397.66
743.462	5480.07
747.393	5426.47
751.32	5522.87
755.245	5719.27
759.165	5737.68
763.079	5818.08
766.989	5854.48
770.897	5980.89
774.798	6001.29
778.695	6307.69
782.591	6514.09
786.479	6554.5
790.363	6522.9
794.244	6583.3
798.121	6585.71
801.992	6670.11
805.859	6722.51
809.724	6830.91
813.582	6761.32
817.437	6839.72
821.288	6722.12
825.134	6680.53
828.976	6652.93
832.816	6583.33
836.649	6591.73
840.476	6612.14
844.302	6554.54
848.122	6628.94
851.938	6611.35
855.751	6617.75
859.558	6516.15
863.362	6572.55
867.16	6622.96
870.955	6683.36
874.746	7027.76
878.533	7312.17
882.315	8064.57
886.092	9702.97
889.865	14741.4
893.634	20933.8
897.4	16126.2
901.16	11590.6
904.915	12341
908.668	14527.4
912.416	13523.8
916.161	10092.2
919.899	8550.6
923.635	7927
927.365	7653.4
931.091	7379.81
934.814	7018.21
938.531	6942.61
942.245	6675.01
945.954	6455.42
949.659	6299.82
953.36	6070.22
957.056	6078.63
960.749	6001.03
964.436	5957.43
968.12	5806.29
971.8	6132.59
975.475	6415.43
979.147	6164.8
982.813	5584.9
986.475	5328.57
990.133	5221.25
993.788	5135.97
997.437	5172.44
1001.08	5401.22
1004.72	5415.66
1008.36	5749.42
1011.99	6138.88
1015.62	5455.22
1019.25	4913.82
1022.86	5048
1026.48	5945.58
1030.09	6591.3
1033.7	5706.53
1037.3	4992.1
1040.9	5100.98
1044.49	5634.78
1048.08	6985.78
1051.67	9167.98
1055.25	10319.4
1058.83	21331.4
1062.4	44631.2
1065.97	37933.2
1067.25	31256.8
1071.1	14454
1074.95	7619.16
1078.8	5864.36
1082.64	5309.56
1086.48	5228.76
1090.32	5625.96
1094.15	7713.16
1097.98	14290.4
1101.8	14755.6
1105.62	7610.76
1109.44	6043.96
1113.25	6205.16
1117.06	7030.36
1120.87	9865.56
1124.67	19990.8
1128.47	42662
1132.26	33153.2
1136.06	10704.4
1139.84	6277.56
1143.63	4940.76
1147.41	4231.96
1151.18	3789.16
1154.95	3616.36
1158.72	3549.56
1162.49	3680.76
1166.25	4017.96
1170.01	5651.16
1173.76	10728.4
1177.51	9891.56
1181.26	5084.76
1185	4209.96
1188.74	4203.16
1192.47	4186.36
1196.21	3565.56
1199.93	3026.75
1203.66	3091.95
1207.38	2955.15
1211.09	2864.35
1214.81	2977.55
1218.52	2846.75
1222.22	2781.95
1225.92	2805.15
1229.62	2590.35
1233.32	2637.55
1237.01	3066.75
1240.69	2989.95
1244.38	2813.15
1248.06	2832.35
1251.73	2605.55
1255.4	2580.75
1259.07	2699.95
1262.73	2933.15
1266.4	3948.35
1270.05	4673.55
1273.71	5682.75
1277.35	6787.95
1281	6251.15
1284.64	7716.35
1288.28	11247.5
1291.92	22650.7
1295.55	56247.9
1299.17	41733.1
1302.8	16132.3
1306.42	8549.55
1310.03	5064.75
1313.64	3683.95
1317.25	2769.15
1320.86	2446.35
1324.46	2323.55
1328.06	2268.75
1331.65	2209.94
1335.24	2187.14
1338.82	2272.34
1342.41	2303.54
1345.98	2282.74
1349.56	2337.94
1353.13	2471.14
1356.7	2632.34
1360.26	2833.54
1363.82	3232.74
1367.38	4515.94
1370.93	6085.14
1374.48	5038.34
1378.02	3949.54
1381.56	3530.74
1385.1	3191.94
1388.63	3053.14
1392.16	3260.34
1395.69	3439.54
1399.21	4130.74
1402.73	5607.94
1406.24	8469.14
1409.75	12250.3
1413.26	14085.5
1416.76	16118.7
1420.27	26351.9
1423.76	23505.1
1427.25	16334.3
1430.74	16821.5
1434.23	27538.7
1437.71	47663.9
1441.18	39213.1
1444.66	22896.3
1448.13	16981.5
1451.59	19064.7
1455.06	23751.9
1458.52	22387.1
1461.97	22192.3
1465.42	28067.5
1468.87	22156.7
1472.31	11575.9
1475.75	8083.13
1479.19	7832.33
1482.62	8315.53
1486.05	6396.73
1489.47	4379.93
1492.89	3531.13
1496.31	3156.33
1499.72	3015.53
1503.13	2968.73
1506.54	2901.93
1509.94	3109.13
1513.34	3688.33
1516.73	3641.53
1520.12	3160.73
1523.51	2709.93
1526.89	2601.13
1530.28	2528.33
1533.65	2435.53
1537.02	2430.73
1540.39	2303.93
1543.76	2327.13
1547.12	2266.33
1550.47	2279.53
1553.83	2264.73
1557.18	2283.93
1560.52	2319.13
1563.87	2450.33
1567.2	2321.53
1570.54	2140.73
1573.87	2067.93
1577.2	1991.12
1580.52	1960.32
1583.84	1961.52
1587.16	1970.72
1590.47	1995.92
1593.78	2053.12
1597.08	2082.32
1600.38	2197.52
1603.68	2296.72
1606.97	2409.92
1610.26	2629.12
1613.55	2862.32
1616.83	3135.52
1620.11	3484.72
1623.38	3729.92
1626.65	3761.12
1629.92	3842.32
1633.18	3843.52
1636.44	3828.72
1639.7	3789.92
1642.95	3797.12
1646.2	3720.32
1649.44	3699.52
1652.69	3382.72
1655.92	3021.92
1659.16	2685.12
1662.39	2366.32
1665.61	2065.52
1668.83	1878.72
1672.05	1795.92
1675.27	1689.12
1678.48	1640.32
1681.68	1589.52
1684.89	1524.72
1688.09	1541.92
1691.28	1591.12
1694.48	1596.31
1697.66	1613.51
1700.85	1510.71
1704.03	1397.91
1707.21	1369.11
1710.38	1288.31
1713.55	1211.51
1716.72	1148.71
1719.88	1195.91
1723.04	1119.11
1726.19	1184.31
1729.34	1139.51
1732.49	1122.71
1735.63	1133.91
1738.77	1123.11
1741.91	1120.31
1745.04	1103.51
1748.17	1078.71
1751.29	1103.91
1754.41	1095.11
1757.53	1100.85
1760.64	1076.02
1763.75	1125.9
1766.86	1105.78
1769.96	1109.3
1773.06	1151.7
1776.15	1208.22
1779.25	1233.81
1782.33	1230.43
1785.42	1181.82
1788.5	1160.16
1791.57	1123.45
1794.64	1080.85
1797.71	1093.13
1800.78	1072.09
1803.84	1056.76
1806.89	1085.85
1809.95	1073.57
1813	1100.7
1816.04	1113.24
1819.09	1104.21
1822.12	1093.92
1825.16	1067.77
1828.19	1027.59
1831.22	1009.65
1834.24	1017.66
1837.26	998.602
1840.28	1005.12
1840.48	1006.09
1843.78	1004.97
1847.08	991.842
1850.38	1008.72
1853.67	1021.59
1856.96	1040.47
1860.24	1119.34
1863.52	1140.22
1866.8	1121.09
1870.08	1083.97
1873.35	1042.84
1876.62	1037.72
1879.89	1002.59
1883.15	1025.47
1886.41	994.344
1889.66	1031.22
1892.92	1028.09
1896.17	1050.97
1899.41	1001.84
1902.65	1018.72
1905.89	1031.59
1909.13	1022.47
1912.36	1029.34
1915.59	1028.22
1918.82	1047.1
1922.04	1057.97
1925.26	1042.85
1928.48	1079.72
1931.69	1104.6
1934.9	1169.47
1938.11	1228.35
1941.31	1229.22
1944.51	1260.1
1947.71	1258.97
1950.9	1217.85
1954.09	1134.72
1957.28	1129.6
1960.46	1102.47
1963.64	1085.35
1966.82	1112.22
1969.99	1115.1
1973.16	1107.97
1976.33	1144.85
1979.49	1131.72
1982.66	1126.6
1985.81	1127.47
1988.97	1120.35
1992.12	1115.22
1995.27	1124.1
1998.41	1148.97
2001.55	1167.85
2004.69	1176.72
2007.82	1169.6
2010.95	1126.47
2014.08	1191.35
2017.21	1256.22
2020.33	1319.1
2023.44	1267.98
2026.56	1236.85
2029.67	1217.73
2032.78	1176.6
2035.88	1137.48
2038.98	1130.35
2042.08	1129.23
2045.18	1136.1
2048.27	1144.98
2051.35	1123.85
2054.44	1162.73
2057.52	1175.6
2060.6	1194.48
2063.67	1165.35
2066.74	1134.23
2069.81	1215.1
2072.88	1209.98
2075.94	1258.85
2079	1341.73
2082.05	1472.6
2085.1	1413.48
2088.15	1370.35
2091.19	1321.23
2094.24	1310.1
2097.27	1324.98
2100.31	1357.85
2103.34	1386.73
2106.37	1381.6
2109.39	1410.48
2112.42	1423.35
2115.44	1518.23
2118.45	1627.1
2121.46	1705.98
2124.47	1604.85
2127.48	1541.73
2130.48	1452.61
2133.48	1461.48
2136.47	1456.36
2139.46	1433.23
2142.45	1450.11
2145.43	1420.98
2148.42	1433.86
2151.4	1464.73
2154.37	1467.61
2157.34	1480.48
2160.31	1507.36
2163.28	1474.23
2166.24	1545.11
2169.2	1625.98
2172.15	1752.86
2175.1	2003.73
2178.05	2446.61
2181	2915.48
2183.94	3080.36
2186.88	2849.23
2189.81	2612.11
2192.75	2372.98
2195.68	2073.86
2198.6	1948.73
2201.52	1825.61
2204.44	1694.48
2207.36	1647.36
2210.27	1602.23
2213.18	1615.11
2216.08	1601.98
2218.98	1656.86
2221.88	1773.73
2224.78	1840.61
2227.67	1821.49
2230.56	1814.36
2233.44	1853.24
2236.32	1836.11
2239.2	1850.99
2242.08	1833.86
2244.95	1890.74
2247.82	1899.61
2250.68	1892.49
2253.55	1873.36
2256.4	1852.24
2259.26	1801.11
2262.11	1795.99
2264.96	1736.86
2267.81	1725.74
2270.65	1690.61
2273.49	1665.49
2276.32	1694.36
2279.15	1675.24
2281.98	1786.11
2284.81	1842.99
2287.63	1773.86
2290.45	1694.74
2293.26	1721.61
2296.08	1676.49
2298.88	1699.36
2301.69	1728.24
2304.49	1693.11
2307.29	1745.99
2310.08	1688.86
2312.88	1715.74
2315.66	1644.61
2318.45	1661.49
2321.23	1658.36
2324.01	1689.24
2326.79	1676.12
2329.56	1848.99
2332.32	1725.87
2335.09	1592.74
2337.85	1615.62
2340.61	1634.49
2343.36	1583.37
2346.12	1626.24
2348.86	1671.12
2351.61	1625.99
2354.35	1604.87
2357.09	1631.74
2359.83	1634.62
2362.56	1631.49
2365.29	1684.37
2368.01	1683.24
2370.73	1718.12
2373.45	1756.99
2376.17	1811.87
2378.88	1880.74
2381.59	1907.62
2384.29	1890.49
2386.99	1843.37
2389.69	1804.24
2392.38	1793.12
2395.08	1751.99
2397.76	1774.87
2400.45	1799.74
2403.13	1864.62
2405.81	1847.49
2408.48	1908.37
2411.15	1931.24
2413.82	1982.12
2416.49	2001
2419.15	2015.87
2421.81	2122.75
2424.46	2267.62
2427.11	2428.5
2429.76	2590.74
2432.41	2507.74
2435.05	2323.8
2437.69	2202.02
2440.32	2112.87
2442.95	2052.11
2445.58	2062.93
2448.21	1997.76
2450.83	1987.61
2453.45	2019.93
2456.06	2020.34
2458.67	1990.7
2461.28	1963.93
2463.88	1995.08
2466.49	2028.97
2469.08	2098.08
2471.68	2195.99
2474.27	2271.44
2476.86	2265.11
2479.44	2249.82
2482.02	2143.39
2484.6	2095.36
2487.17	2090.86
2489.75	2125.81
2492.31	2189.2
2494.88	2263.13
2497.44	2321.29
2500	2341.5
2502.24	2344.51
2505.08	2222.74
2507.92	2210.97
2510.76	2233.19
2513.59	2349.42
2516.42	2477.65
2519.25	2557.88
2522.07	2570.11
2524.89	2518.33
2527.71	2456.56
2530.53	2538.79
2533.34	2557.02
2536.15	2679.25
2538.95	2677.47
2541.76	2717.7
2544.56	2683.93
2547.36	2712.16
2550.15	2782.38
2552.94	2956.61
2555.73	3100.84
2558.52	3171.07
2561.3	3135.3
2564.08	3083.52
2566.86	3041.75
2569.63	3109.98
2572.41	3268.21
2575.17	3492.43
2577.94	3720.66
2580.7	3940.89
2583.46	4059.12
2586.22	4387.35
2588.97	4763.57
2591.72	4771.8
2594.47	4672.03
2597.22	4580.26
2599.96	4690.49
2602.7	4848.71
2605.43	5078.94
2608.17	5185.17
2610.9	5203.4
2613.62	5291.62
2616.35	5287.85
2619.07	5312.08
2621.79	5154.31
2624.5	5018.54
2627.22	4778.76
2629.93	4480.99
2632.63	4379.22
2635.33	4315.45
2638.04	4455.67
2640.73	4665.9
2643.43	4966.13
2646.12	5511.59
2648.81	6199.05
2651.49	6658.5
2654.18	6965.96
2656.86	7191.42
2659.53	7020.88
2662.21	6426.33
2664.88	5771.79
2667.54	5235.25
2670.21	4918.71
2672.87	4802.17
2675.53	4847.62
2678.19	4855.08
2680.84	5204.54
2683.49	5624
2686.14	6273.46
2688.78	6708.91
2691.42	7224.37
2694.06	7629.83
2696.7	8079.29
2699.33	8334.74
2701.96	8568.2
2704.58	9059.66
2707.21	9901.12
2709.83	10672.6
2712.44	11490
2715.06	12461.5
2717.67	13898.9
2720.28	15692.4
2722.88	17253.9
2725.49	18051.3
2728.09	17794.8
2730.68	16702.2
2733.28	15039.7
2735.87	12777.2
2738.45	11058.6
2741.04	9690.07
2743.62	8757.53
2746.2	8062.98
2748.78	7592.44
2751.35	7293.9
2753.92	6991.36
2756.48	6864.81
2759.05	6812.27
2761.61	6593.73
2764.16	6493.19
2766.72	6306.65
2769.27	6108.1
2771.82	6121.56
2774.36	6183.02
2776.91	6166.48
2779.45	6317.93
2781.98	6563.39
2784.52	6830.85
2787.05	7102.31
2789.58	7347.76
2792.1	7673.22
2794.62	7910.68
2797.14	8136.14
2799.66	8559.59
2802.17	8833.05
2804.68	9256.51
2807.19	9659.97
2809.69	10023.4
2812.19	10392.9
2814.69	10870.3
2817.18	11531.8
2819.67	12213.3
2822.16	13092.7
2824.65	14562.2
2827.13	16819.6
2829.61	19857.1
2832.09	25134.5
2834.56	33932
2837.03	50165.5
2839.5	76986.9
2841.96	110664
2844.43	138074
2846.88	144287
2849.34	135387
2851.79	121496
2854.24	111110
2856.69	103995
2859.13	98338.6
2861.57	91984
2864.01	87435.5
2866.44	87225
2868.87	91700.4
2871.3	101790
2873.73	114859
2876.15	133199
2878.57	176356
2880.99	247284
2883.4	252661
2885.81	185575
2888.22	128790
2890.62	100010
2893.02	90007
2895.42	83932.4
2897.82	81401.9
2900.21	80763.4
2902.6	77244.8
2904.99	70792.3
2907.37	64855.7
2909.75	60919.2
2912.13	58784.7
2914.5	57424.1
2916.87	57057.6
2919.24	58869
2921.6	64724.5
2923.97	70235.9
2926.32	68917.4
2928.68	62662.9
2931.04	56462.3
2933.38	53959.8
2935.73	52831.2
2938.07	51358.7
2940.42	47428.1
2942.75	42551.6
2945.09	36889.1
2947.42	30228.5
2949.75	24522
2952.08	22587.4
2954.4	23826.9
2956.72	24262.3
2959.03	21337.8
2961.35	20219.3
2963.66	22794.7
2965.97	26708.2
2968.27	23133.6
2970.57	16397.1
2972.87	12456.6
2975.17	10792
2977.46	9731.47
2979.75	9108.93
2982.04	8494.38
2984.32	8233.84
2986.6	7945.3
2988.88	7682.76
2991.15	7524.21
2993.42	7229.67
2995.69	6899.13
2997.96	6878.59
3000.22	6674.05
3002.48	6549.5
3004.73	6422.96
3006.99	6245.34
3009.24	6160.47
3011.48	6043.94
3013.73	5977.01
3015.97	5873.85
3018.21	5639.72
3020.44	5626.26
3022.67	5575.55
3024.9	5443.02
3027.13	5375.76
3029.35	5216.62
3031.57	5142.2
3033.79	5079.44
3036	4980.77
3038.21	4928.9
3040.42	4886.39
3042.63	4835.34
3044.83	4755.81
3047.03	4647.52
3049.22	4581.3
3051.41	4510.04
3053.6	4416.37
3055.79	4432.75
3057.97	4374.05
3060.15	4321.52
3062.33	4297.91
3064.5	4276.68
3066.68	4258.99
3068.42	4278.33
3070.87	4161.36
3073.33	4124.4
3075.78	4121.43
3078.23	4004.46
3080.67	3923.49
3083.11	3890.52
3085.55	3691.55
3087.99	3592.59
3090.43	3467.62
3092.86	3342.65
3095.29	3227.68
3097.72	3106.71
3100.14	3029.74
3102.56	2984.78
3104.98	2931.81
3107.4	2864.84
3109.81	2775.87
3112.22	2796.9
3114.63	2693.94
3117.03	2718.97
3119.44	2672
3121.84	2641.03
3124.23	2622.06
3126.63	2543.09
3129.02	2568.13
3131.41	2465.16
3133.8	2450.19
3136.18	2493.22
3138.56	2414.25
3140.94	2409.28
3143.32	2356.32
3145.69	2373.35
3148.06	2346.38
3150.43	2335.41
3152.8	2242.44
3155.16	2265.48
3157.52	2276.51
3159.88	2185.54
3162.23	2202.57
3164.58	2201.6
3166.93	2208.63
3169.28	2159.67
3171.62	2204.7
3173.96	2163.73
3176.3	2140.76
3178.64	2153.79
3180.97	2136.82
3183.3	2185.86
3185.63	2196.89
3187.95	2153.92
3190.28	2152.95
3192.59	2183.98
3194.91	2179.02
3197.23	2172.05
3199.54	2233.08
3201.84	2206.11
3204.15	2189.14
3206.45	2160.17
3208.76	2147.21
3211.05	2100.24
3213.35	2121.27
3215.64	2060.3
3217.93	2069.33
3220.22	2002.36
3222.5	2009.4
3224.78	1980.43
3227.06	1963.46
3229.34	1974.49
3231.61	1935.52
3233.88	1920.55
3236.15	1915.59
3238.42	1908.62
3240.68	1941.65
3242.94	1910.68
3245.2	1853.71
3247.45	1908.75
3249.7	1913.78
3251.95	1874.81
3254.2	1921.84
3256.44	1904.87
3258.68	1871.9
3260.92	1882.94
3263.15	1841.97
3265.39	1845
3267.62	1884.03
3269.84	1851.06
3272.07	1874.09
3274.29	1851.13
3276.51	1826.16
3278.73	1815.19
3280.94	1856.22
3283.15	1819.25
3285.36	1878.29
3287.56	1917.32
3289.77	1866.35
3291.97	1843.38
3294.16	1822.41
3296.36	1829.44
3298.55	1836.48
3300.74	1855.51
3302.92	1900.54
3305.11	1863.57
3307.29	1878.6
3309.47	1853.63
3311.64	1826.67
3313.81	1837.7
3315.99	1834.73
3318.15	1821.76
3320.32	1898.79
3322.48	1833.83
3324.64	1834.86
3326.79	1895.89
3328.94	1890.92
3331.1	1837.95
3333.24	1826.98
3335.39	1892.02
3337.53	1899.05
3339.67	1838.08
3341.81	1853.11
3343.94	1872.14
3346.07	1861.17
3348.2	1866.21
3350.33	1881.24
3352.45	1842.27
3354.57	1871.3
3356.69	1858.33
3358.8	1883.36
3360.92	1882.4
3363.02	1835.43
3365.13	1858.46
3367.24	1853.49
3369.34	1864.52
3371.43	1881.56
3373.53	1874.59
3375.62	1845.62
3377.71	1884.65
3379.8	1873.68
3381.88	1886.71
3383.97	1859.75
3386.05	1880.78
3388.12	1853.81
3390.2	1872.84
3392.27	1881.87
3394.33	1856.9
3396.4	1877.94
3398.46	1910.97
