41.5411	2241.75
43.8598	1627.88
46.1779	1732
48.4934	1998.12
50.8103	1582.24
53.1246	1538.35
55.4383	2062.46
57.7493	2636.57
60.0619	2864.7
62.3717	3622.78
64.681	3262.91
66.9876	3057.01
69.2979	3217.11
71.6033	2845.22
73.9082	2751.31
76.2125	2353.41
78.512	2363.49
80.8151	2411.58
83.1156	3251.72
85.4155	2655.77
87.7127	2325.85
90.0115	1747.93
92.3075	1800.02
94.6031	1732.11
96.8959	1712.18
99.1903	1876.26
101.482	1694.33
103.773	1546.4
106.062	2022.47
108.349	1988.53
110.641	1486.6
112.926	1448.66
115.21	1048.71
117.495	1352.78
119.78	1380.84
122.061	1170.89
124.342	996.949
126.624	891
128.902	871.054
131.18	961.098
133.458	909.142
135.733	795.18
138.007	525.216
140.283	731.267
142.554	995.297
144.824	905.326
147.096	711.359
149.368	595.391
151.632	439.418
153.9	213.443
156.168	329.478
158.433	673.497
160.698	429.516
162.959	255.538
165.221	167.552
167.481	223.562
169.742	283.573
172.001	331.581
174.258	237.585
176.515	145.599
178.77	237.599
181.026	311.601
183.278	247.595
185.53	87.5895
187.782	105.594
190.033	-84.4036
192.279	-48.4207
194.529	-50.4299
196.774	-40.449
199.021	-60.4541
201.267	69.5288
203.511	-6.49212
205.752	15.4815
207.994	69.4568
210.234	279.438
212.473	95.4079
214.712	61.3776
216.948	-98.6586
219.184	-6.68488
221.419	-18.7127
223.653	-28.7527
225.887	153.208
228.12	129.166
230.349	95.1159
232.579	1.07853
234.809	-22.9692
237.036	-37.0221
239.262	30.9225
241.488	98.8672
243.712	126.819
245.934	102.755
248.157	120.695
250.379	-1.36819
252.598	14.5733
254.816	62.5128
257.034	-59.5573
259.252	20.372
261.467	-49.7041
263.681	-79.7823
265.895	168.15
268.108	86.07
270.319	-32.014
272.529	-56.0997
274.739	65.8148
276.948	125.737
279.154	123.644
281.36	-76.4496
283.564	47.4633
285.768	105.366
287.973	35.2809
290.175	-42.82
292.372	-114.93
294.572	38.9645
296.773	100.862
298.968	76.758
301.165	32.6472
303.36	-67.4672
305.553	-79.5855
307.747	4.29877
309.94	130.191
312.13	-261.933
314.322	-58.0436
316.509	-146.173
318.696	-44.3022
320.882	89.5762
323.068	15.4446
325.253	123.311
327.437	115.176
329.619	107.037
331.801	268.908
333.98	140.763
336.16	8.61992
338.338	58.4737
340.515	94.3248
342.69	92.1826
344.866	180.032
347.038	103.883
349.213	7.73123
351.384	55.5712
353.554	189.419
355.723	143.255
357.892	-42.9082
360.057	46.92
362.225	54.7542
364.388	-59.4112
366.553	132.417
368.716	100.242
370.878	36.0648
373.039	7.88552
375.198	57.7127
377.358	23.5416
379.514	109.353
381.673	33.1703
383.828	-53.0206
385.982	-107.203
388.136	80.6043
390.287	-9.59343
392.438	-11.792
394.588	26.0079
396.737	-38.184
398.884	13.6105
401.031	33.4046
403.177	-0.803417
405.323	66.9893
407.466	-15.2046
409.608	62.5804
411.748	48.3609
413.889	-83.8563
416.03	69.9268
418.167	114.696
420.303	66.5489
422.44	-15.5981
424.575	124.253
426.709	26.1033
428.841	159.961
430.973	71.8099
433.103	167.656
435.234	85.5028
437.362	123.347
439.489	121.211
441.616	75.0534
443.742	80.8955
445.866	30.7358
447.989	28.5749
450.112	122.414
452.23	2.25799
454.352	26.096
456.469	43.9292
458.588	53.7643
460.704	73.5961
462.82	33.4383
464.933	31.2671
467.048	121.099
469.16	176.937
471.272	110.764
473.381	78.5995
475.49	184.424
477.598	172.249
479.706	192.072
481.811	77.8932
483.916	189.724
486.02	305.545
488.122	205.363
490.223	121.179
492.324	74.9961
494.424	148.822
496.522	166.636
498.619	156.459
500.716	64.2717
502.81	-83.9181
504.904	131.902
506.997	199.711
509.09	63.5193
511.181	127.326
513.27	263.131
515.358	194.945
517.447	-25.2502
519.533	140.552
521.619	128.353
523.702	78.1525
525.787	-12.0366
527.868	79.77
529.948	113.566
532.031	57.3642
534.11	35.1594
536.184	92.9591
538.262	200.753
540.338	-19.3313
542.413	10.6771
544.486	138.681
546.56	52.6968
548.631	2.69649
550.7	22.6918
552.771	-81.308
554.837	84.681
556.907	36.6988
558.972	120.686
561.037	10.6733
563.101	76.6584
565.163	14.6395
567.224	-69.9464
569.285	-34.7378
571.345	-93.5303
573.403	-42.3263
575.461	160.878
577.518	40.0899
579.572	-20.7132
581.626	132.484
583.68	23.681
585.733	56.8763
587.783	-17.9133
589.833	31.2772
591.883	18.467
593.928	69.649
595.977	18.8378
598.021	64.0276
600.065	23.2079
602.11	78.3894
604.151	67.5645
606.194	-45.2572
608.234	63.9261
610.273	81.0976
612.31	40.2659
614.347	129.434
616.383	86.6104
618.418	67.7851
620.453	54.9498
622.484	10.108
624.516	69.2673
626.546	126.424
628.576	-6.41012
630.604	148.743
632.631	65.8524
634.659	133.16
636.682	78.4682
638.707	207.786
640.732	85.0944
642.754	232.403
644.772	83.7226
646.793	187.031
648.812	222.351
650.83	153.66
652.846	150.97
654.861	98.2799
656.876	99.59
658.889	146.91
660.901	172.221
662.913	49.5315
664.924	124.842
666.932	114.154
668.941	143.475
670.947	134.787
672.952	90.1086
674.957	129.42
676.961	100.733
678.964	156.055
680.965	203.368
682.964	152.681
684.963	219.994
686.963	119.307
688.959	134.621
690.955	135.944
692.95	177.258
694.944	182.572
696.938	153.886
698.93	191.201
700.921	84.5253
702.91	223.85
704.898	83.1658
706.886	178.481
708.874	233.796
710.857	269.123
712.843	148.438
714.825	243.755
716.807	157.071
718.788	184.387
720.769	233.714
722.748	209.031
724.726	208.348
726.701	253.666
728.678	252.983
730.653	102.321
732.625	211.64
734.599	136.957
736.569	334.276
738.542	145.594
740.51	142.923
742.479	188.242
744.446	189.562
746.41	118.882
748.376	226.201
750.339	185.531
752.303	208.851
754.265	224.171
756.226	91.4917
758.185	212.823
760.143	230.153
762.101	231.475
764.056	240.796
766.011	208.118
767.966	231.439
769.92	184.771
771.872	228.094
773.824	289.416
775.773	258.739
777.721	312.062
779.669	235.395
781.617	202.717
783.561	278.041
785.508	321.374
787.45	346.699
789.392	316.033
791.334	369.357
793.275	310.681
795.212	384.006
797.152	345.331
799.089	376.666
801.024	263.992
802.959	325.317
804.894	326.642
806.825	375.969
808.759	337.304
810.688	348.631
812.618	371.967
814.546	347.294
816.475	448.621
818.401	449.958
820.326	499.286
822.25	456.613
824.172	523.942
826.095	453.269
828.017	402.607
829.936	393.936
831.855	363.265
833.772	386.593
835.689	449.922
837.605	431.262
839.52	260.591
841.433	287.931
843.346	237.261
845.257	278.591
847.167	331.931
849.076	193.262
850.985	338.592
852.89	303.923
854.799	267.254
856.703	270.595
858.606	347.927
860.51	275.258
862.411	248.591
864.311	293.923
866.211	323.265
868.109	234.608
870.006	333.941
871.903	215.274
873.798	288.607
875.694	333.95
877.586	267.284
879.477	248.618
881.368	221.952
883.259	415.286
885.149	352.63
887.035	415.965
888.922	409.3
890.807	480.635
892.692	373.97
894.576	267.315
896.458	388.661
898.342	203.997
900.221	227.333
902.1	326.669
903.978	216.006
905.856	275.352
907.73	342.69
909.607	322.026
911.48	277.364
913.352	310.701
915.225	286.049
917.096	259.387
918.964	318.725
920.835	236.073
922.701	315.412
924.568	284.761
926.434	360.1
928.295	299.439
930.16	220.779
932.021	340.118
933.884	245.468
935.744	260.808
937.601	338.148
939.461	305.489
941.316	292.829
943.174	296.18
945.029	239.521
946.882	168.862
948.732	198.214
950.585	127.556
952.436	154.907
954.284	154.25
956.132	165.592
957.98	194.934
959.825	182.277
961.672	177.63
963.515	126.973
965.357	206.317
967.199	207.66
969.041	124.824
970.882	179.307
972.719	119.342
974.557	74.2059
976.393	175.69
978.229	120.895
980.062	118.981
981.897	131.215
983.728	169.521
985.558	101.937
987.39	91.0622
989.218	135.108
991.047	127.634
992.874	152.391
994.701	179.867
996.525	103.894
998.349	269.481
1000.17	417.129
1001.99	46.3064
1003.81	120.034
1005.63	58.682
1007.45	74.1097
1009.27	47.9976
1011.09	75.6354
1012.9	103.235
1014.71	101.265
1016.53	71.4825
1018.34	59.6422
1020.15	119.792
1021.96	62.6915
1023.77	53.1112
1025.58	56.6909
1027.38	27.5325
1029.19	62.6623
1030.99	87.174
1032.8	106.644
1034.6	102.805
1036.4	132.237
1038.2	104.318
1040	77.24
1041.8	16.1618
1043.6	38.9833
1045.39	106.886
1047.19	72.5044
1048.98	53.4816
1050.77	126.869
1052.56	132.986
1054.36	244.874
1056.15	305.891
1057.94	501.428
1059.72	747.345
1061.51	894.032
1063.3	818.879
1065.08	603.506
1066.86	405.502
1068.21	276.195
1070.14	164.164
1072.06	90.1307
1073.99	196.109
1075.91	0.0756569
1077.84	106.054
1079.76	-11.9792
1081.68	-34.0551
1083.6	-62.8014
1085.52	0.442116
1087.44	-8.3041
1089.36	30.9397
1091.27	-67.8135
1093.19	-48.5599
1095.1	-49.3034
1097.02	-6.06956
1098.93	109.187
1100.85	158.441
1102.76	241.688
1104.67	206.934
1106.58	250.181
1108.49	109.438
1110.39	110.697
1112.3	57.9441
1114.21	17.1909
1116.11	56.4504
1118.01	95.7
1119.92	44.9569
1121.82	128.207
1123.72	211.456
1125.62	432.716
1127.52	771.966
1129.42	951.225
1131.32	816.475
1133.21	429.728
1135.11	186.988
1137	152.25
1138.9	165.49
1140.79	132.753
1142.68	216.015
1144.57	87.2681
1146.46	74.5307
1148.35	81.7835
1150.24	15.0362
1152.12	-77.6982
1154.01	-14.4483
1155.9	-21.1885
1157.78	-29.9251
1159.66	-74.6713
1161.55	-69.4106
1163.43	-88.1479
1165.31	61.1059
1167.19	-17.6305
1169.07	-56.3768
1170.95	71.0048
1172.82	28.6429
1174.7	50.2698
1176.57	-12.0921
1178.45	-10.4554
1180.32	-38.8285
1182.19	-37.1903
1184.07	-93.5535
1185.93	-47.9244
1187.8	-62.2876
1189.67	-42.6496
1191.54	26.9783
1193.41	64.6165
1195.27	46.2443
1197.14	13.8822
1199	15.5213
1200.87	-38.8508
1202.73	34.7872
1204.59	-27.5739
1206.45	-63.9448
1208.31	29.6942
1210.17	-46.6678
1212.02	-53.0378
1213.88	18.6012
1215.73	50.2311
1217.59	-24.1308
1219.44	12.1255
1221.3	-53.3271
1223.15	-34.7737
1225	29.7786
1226.85	-47.6781
1228.7	-19.1246
1230.55	21.4287
1232.39	-8.0318
1234.24	-69.4795
1236.09	-16.9361
1237.93	-6.38664
1239.77	-67.8373
1241.61	0.701255
1243.46	19.2548
1245.3	33.8041
1247.14	-7.65649
1248.97	34.888
1250.81	23.4374
1252.65	-10.023
1254.48	86.5224
1256.32	43.0609
1258.15	7.60653
1259.99	0.155903
1261.82	16.6915
1263.65	79.236
1265.48	61.7814
1267.31	96.3171
1269.14	64.8625
1270.97	95.4071
1272.79	117.939
1274.62	92.4842
1276.44	165.026
1278.27	105.56
1280.09	148.102
1281.91	138.634
1283.73	103.175
1285.55	203.716
1287.37	282.247
1289.19	348.789
1291.01	611.331
1292.82	885.857
1294.64	1336.4
1296.45	1230.94
1298.27	843.468
1300.08	524.005
1301.89	224.533
1303.7	243.07
1305.51	153.608
1307.32	72.1356
1309.13	76.6723
1310.93	93.206
1312.74	59.7338
1314.55	30.2714
1316.35	130.804
1318.15	79.328
1319.96	67.8657
1321.76	10.3894
1323.56	68.9222
1325.36	29.456
1327.16	81.9798
1328.95	44.5095
1330.75	-28.9576
1332.54	17.5622
1334.34	-2.19753
1336.13	61.348
1337.93	-55.1191
1339.72	20.4266
1341.51	65.9623
1343.3	37.5079
1345.09	-28.9475
1346.88	52.588
1348.67	26.1335
1350.45	-26.3192
1352.24	-22.7847
1354.02	56.7626
1355.8	-21.7747
1357.59	13.6068
1359.37	17.001
1361.15	42.3842
1362.93	41.7782
1364.71	45.1725
1366.49	60.5565
1368.26	139.952
1370.04	49.3461
1371.82	36.7303
1373.59	28.1269
1375.36	45.5226
1377.14	34.9066
1378.91	28.3031
1380.68	57.6897
1382.45	47.0852
1384.22	26.4818
1385.98	71.8707
1387.75	53.2673
1389.51	170.665
1391.28	92.0519
1393.04	35.451
1394.81	64.8473
1396.57	122.235
1398.33	91.6345
1400.09	63.0334
1401.85	94.4225
1403.61	65.8205
1405.37	53.2094
1407.12	126.611
1408.88	108.01
1410.63	133.4
1412.38	192.802
1414.14	262.201
1415.89	377.592
1417.64	380.993
1419.39	422.394
1421.14	411.785
1422.89	365.187
1424.63	330.58
1426.38	311.981
1428.13	331.383
1429.87	408.777
1431.61	388.18
1433.35	437.583
1435.1	628.975
1436.84	700.379
1438.58	917.782
1440.31	915.178
1442.05	894.581
1443.79	837.975
1445.53	775.379
1447.26	606.785
1448.99	540.181
1450.73	563.585
1452.46	512.991
1454.19	554.387
1455.92	609.793
1457.65	589.199
1459.38	598.595
1461.11	650.001
1462.83	759.4
1464.56	670.806
1466.28	650.215
1468.01	637.61
1469.73	569.018
1471.45	534.427
1473.17	371.826
1474.89	321.234
1476.61	224.643
1478.33	200.041
1480.04	111.452
1481.76	98.8503
1483.48	88.259
1485.19	41.6701
1486.9	183.071
1488.62	72.4801
1490.33	35.8902
1492.04	77.2915
1493.75	-39.2974
1495.46	48.114
1497.16	11.5165
1498.87	10.9277
1500.58	16.3388
1502.28	-4.25744
1503.98	-2.8449
1505.69	62.5563
1507.39	23.9699
1509.09	49.3835
1510.79	-11.2138
1512.49	52.1997
1514.19	69.6134
1515.89	43.017
1517.58	14.432
1519.28	59.8457
1520.97	103.252
1522.67	18.6653
1524.36	50.0705
1526.05	63.4864
1527.74	62.9026
1529.43	28.3087
1531.12	57.7236
1532.81	59.1397
1534.49	30.5482
1536.18	47.9642
1537.87	9.37932
1539.55	36.7878
1541.23	2.20632
1542.91	13.6148
1544.6	55.0309
1546.28	22.4483
1547.96	25.857
1549.64	59.2753
1551.31	8.69624
1552.99	0.103819
1554.67	69.5221
1556.34	20.9433
1558.01	28.3541
1559.69	15.7717
1561.36	1.18257
1563.03	66.6036
1564.7	60.0245
1566.37	-4.56568
1568.04	16.8552
1569.71	12.2764
1571.37	-12.3105
1573.04	-46.8904
1574.7	3.21521
1576.36	3.32157
1578.03	-12.5602
1579.69	-62.455
1581.35	-4.33836
1583.01	23.778
1584.67	-64.1155
1586.33	11.9999
1587.98	-17.8854
1589.64	16.2211
1591.3	-9.66244
1592.95	-15.5488
1594.6	-1.44404
1596.26	16.6723
1597.91	6.82973
1599.56	-48.9147
1601.2	27.3493
1602.86	-16.3915
1604.5	-32.1275
1606.15	-81.8609
1607.79	8.39202
1609.44	42.6586
1611.08	30.9226
1612.73	9.17921
1614.37	-2.55765
1616.01	9.7061
1617.65	-38.0399
1619.29	32.2242
1620.93	46.477
1622.56	38.7384
1624.2	1.00212
1625.84	7.25623
1627.47	11.5165
1629.1	-22.2222
1630.74	22.0318
1632.37	-19.7069
1634	20.5532
1635.63	30.8046
1637.26	-30.9341
1638.89	55.3173
1640.51	51.575
1642.14	45.8361
1643.77	64.0874
1645.39	0.346168
1647.01	-21.3964
1648.63	58.8524
1650.26	55.1135
1651.88	-34.6278
1653.5	77.6209
1655.11	5.87584
1656.73	-1.8755
1658.35	20.3833
1659.96	-55.3699
1661.58	30.8684
1663.19	-2.88589
1664.81	29.3625
1666.42	17.5982
1668.03	43.8428
1669.64	32.0887
1671.25	12.3244
1672.86	12.5701
1674.46	14.8123
1676.07	35.048
1677.67	29.291
1679.28	-20.4731
1680.88	51.769
1682.49	52.0148
1684.09	18.248
1685.69	46.4909
1687.29	-21.2669
1688.89	2.96635
1690.48	33.2068
1692.08	-42.55
1693.68	33.6821
1695.27	11.9227
1696.87	2.15583
1698.46	-41.6037
1700.05	5.22203
1701.64	-4.11755
1703.23	22.553
1704.82	5.22355
1706.41	53.883
1708	46.5535
1709.59	17.224
1711.17	1.89162
1712.76	14.5622
1714.34	101.229
1715.92	49.9066
1717.51	8.57729
1719.09	7.24506
1720.67	15.9217
1722.25	22.5996
1723.83	103.267
1725.4	101.952
1726.98	44.6291
1728.55	53.3041
1730.13	133.982
1731.7	88.6571
1733.27	119.341
1734.85	164.019
1736.42	100.694
1737.99	103.379
1739.56	124.063
1741.12	86.7451
1742.69	63.4304
1744.26	56.1155
1745.82	96.7968
1747.39	69.4818
1748.95	152.164
1750.51	92.8565
1752.07	77.5478
1753.63	70.23
1755.19	70.9225
1756.75	43.7158
1758.31	7.11814
1759.87	43.9344
1761.42	33.4649
1762.98	18.4404
1764.53	40.838
1766.08	59.3525
1767.63	26.8791
1769.19	73.4786
1770.74	22.0842
1772.29	23.4156
1773.83	15.6738
1775.38	12.8573
1776.93	23.4678
1778.47	-0.878212
1780.02	10.3842
1781.56	7.14316
1783.1	16.5372
1784.65	47.3017
1786.19	15.0416
1787.73	-10.6876
1789.26	38.2786
1790.8	0.542547
1792.34	4.51253
1793.88	38.7964
1795.41	33.8416
1796.95	7.6625
1798.48	19.2216
1800.01	10.9357
1801.54	-46.1621
1803.07	-15.1179
1804.6	19.8293
1806.13	-29.4405
1807.66	-4.77948
1809.19	21.6728
1810.71	-11.6357
1812.24	0.101396
1813.76	25.5788
1815.28	4.75033
1816.81	-3.84961
1818.33	-10.1321
1819.85	-16.9835
1821.37	-19.4683
1822.88	-24.4045
1824.4	-42.6641
1825.92	-56.1506
1827.43	-66.931
1828.95	-16.8493
1830.46	-12.5107
1831.98	-27.8532
1833.49	3.20965
1835	-48.0997
1836.51	-20.5761
1838.02	-40.4023
1839.52	49.3447
1841.03	5.17849
1841.31	-5.82949
1842.96	-16.8556
1844.61	-1.88175
1846.26	-26.8969
1847.91	-5.92325
1849.55	33.0588
1851.2	0.032824
1852.85	-18.9439
1854.49	-11.7234
1856.14	11.087
1857.78	17.907
1859.42	6.72558
1861.06	33.5442
1862.7	2.36417
1864.34	17.1929
1865.98	18.0126
1867.62	6.83135
1869.26	-26.3499
1870.9	-35.5302
1872.53	-8.70313
1874.17	10.1166
1875.8	-41.0563
1877.44	-48.2376
1879.07	12.5904
1880.7	-32.5824
1882.33	-1.74548
1883.96	-28.9174
1885.59	13.9095
1887.22	28.7366
1888.85	-16.4355
1890.48	-35.6085
1892.1	-26.7721
1893.73	-35.9451
1895.35	-15.1097
1896.98	-12.2818
1898.6	-55.4464
1900.22	5.39981
1901.84	-3.76488
1903.47	11.0622
1905.08	25.9067
1906.7	-3.25787
1908.32	-20.4217
1909.94	-67.5865
1911.55	-18.7429
1913.17	-75.9066
1914.79	-77.0714
1916.4	-14.2167
1918.01	-43.3732
1919.62	-50.5298
1921.24	2.30665
1922.85	-48.8497
1924.46	5.99383
1926.07	16.8383
1927.67	-56.3099
1929.28	-11.4653
1930.89	-24.6218
1932.5	-11.7781
1934.1	-42.9153
1935.7	-24.0634
1937.31	14.78
1938.91	-6.36717
1940.51	-29.5153
1942.11	-38.6624
1943.71	-55.8106
1945.31	35.041
1946.91	-44.106
1948.51	-5.25423
1950.1	-118.393
1951.7	-83.5312
1953.3	-28.6793
1954.89	-45.8183
1956.48	7.04175
1958.08	-50.1062
1959.67	18.7547
1961.26	-62.3851
1962.85	-11.524
1964.44	-42.6638
1966.03	-21.8039
1967.61	-6.93455
1969.2	-72.0643
1970.79	22.7967
1972.37	3.66518
1973.96	-3.47472
1975.54	-14.6053
1977.12	-3.73712
1978.7	59.1314
1980.29	-18.0076
1981.87	18.8608
1983.45	-18.2698
1985.02	24.6066
1986.6	-10.29
1988.18	3.32434
1989.75	2.94136
1991.33	26.5558
1992.91	34.1691
1994.48	-4.21374
1996.05	-38.5958
1997.62	13.0213
1999.2	10.6348
2000.77	10.2528
2002.34	-30.1303
2003.9	-50.4985
2005.47	-4.88176
2007.04	48.7353
2008.61	12.3534
2010.17	-0.0260639
2011.74	-6.40808
2013.3	-64.7877
2014.86	-13.167
2016.42	-55.5455
2017.98	-43.9249
2019.55	-30.3068
2021.11	-2.67619
2022.66	14.9477
2024.22	32.5692
2025.78	-69.8101
2027.34	-48.1885
2028.89	11.4357
2030.45	-34.9439
2032	-13.3189
2033.55	-9.84012
2035.1	-50.4623
2036.66	-49.0886
2038.21	-35.7007
2039.76	-52.3219
2041.31	-44.9441
2042.85	-109.561
2044.4	-6.18244
2045.95	-30.8045
2047.49	-55.4205
2049.04	-42.0428
2050.58	-90.6599
2052.13	-35.281
2053.67	14.1021
2055.21	-68.505
2056.75	-49.121
2058.29	-47.7382
2059.83	-86.3543
2061.37	-110.971
2062.9	-103.583
2064.44	-68.199
2065.98	-72.8162
2067.51	-53.427
2069.04	-150.039
2070.58	-22.656
2072.11	-29.2569
2073.64	-11.8688
2075.17	-36.4804
2076.7	-11.0913
2078.23	-25.7034
2079.76	79.6857
2081.29	91.074
2082.81	24.4671
2084.34	-54.1438
2085.86	11.2495
2087.39	-79.3615
2088.91	12.0419
2090.43	-88.5649
2091.96	-55.1758
2093.48	-15.7825
2095	-40.3895
2096.52	1.00495
2098.03	-9.59648
2099.55	-20.2025
2101.07	57.1908
2102.58	-17.4107
2104.1	-14.0066
2105.61	29.3919
2107.13	30.7861
2108.64	2.18453
2110.15	5.58297
2111.66	14.9823
2113.17	62.3808
2114.68	17.7793
2116.19	11.1785
2117.7	2.57689
2119.2	-30.0184
2120.71	11.4134
2122.21	16.8013
2123.72	-1.81544
2125.22	-24.4276
2126.73	30.9561
2128.23	42.3439
2129.73	-2.26825
2131.23	29.1205
2132.73	72.5081
2134.23	81.897
2135.72	29.2902
2137.22	10.6879
2138.71	-37.9181
2140.21	33.4696
2141.7	0.862663
2143.2	2.25165
2144.69	13.6446
2146.18	-12.9613
2147.67	-7.56823
2149.16	47.8246
2150.65	-2.78119
2152.14	10.612
2153.63	8.01585
2155.12	-24.5912
2156.6	-27.1931
2158.09	54.2012
2159.57	-10.4004
2161.05	-13.0024
2162.54	-37.6083
2164.02	-0.209874
2165.5	9.18927
2166.98	-3.41219
2168.46	-18.0139
2169.94	-2.60473
2171.41	-61.2011
2172.89	-59.802
2174.37	-42.4037
2175.84	-23.0001
2177.32	-37.6009
2178.79	-12.1973
2180.26	51.2063
2181.74	-21.3944
2183.21	-7.99077
2184.67	-6.58097
2186.14	0.832414
2187.61	-17.764
2189.08	-54.3595
2190.55	-64.956
2192.01	12.4539
2193.48	29.8573
2194.94	17.2662
2196.41	-35.329
2197.87	-21.9206
2199.33	-38.5108
2200.79	-59.102
2202.25	-27.6831
2203.71	-42.2732
2205.17	-32.8646
2206.63	52.5443
2208.08	35.9592
2209.54	1.36791
2211	-13.725
2212.45	-29.3561
2213.9	-14.9875
2215.36	-28.6304
2216.81	-48.2615
2218.26	-5.88172
2219.71	30.487
2221.16	-7.14436
2222.61	5.22522
2224.05	31.6066
2225.5	85.9752
2226.95	-41.6548
2228.39	-39.2735
2229.84	-6.90431
2231.28	-36.5228
2232.72	57.8682
2234.16	72.2506
2235.6	-43.3684
2237.05	15.0012
2238.48	63.3951
2239.92	3.7764
2241.36	6.15827
2242.8	16.5397
2244.23	42.9333
2245.67	17.3156
2247.1	-4.29099
2248.54	-9.89873
2249.97	6.49494
2251.4	10.8887
2252.83	33.2831
2254.26	-16.3231
2255.69	-19.9283
2257.12	-7.53499
2258.55	16.8588
2259.97	-10.7339
2261.4	39.6597
2262.82	-23.9343
2264.25	-25.5395
2265.67	16.4022
2267.09	-20.7348
2268.52	-11.8686
2269.94	30.9932
2271.36	-16.1439
2272.78	22.7175
2274.2	-20.4197
2275.61	36.4374
2277.03	-22.7008
2278.45	-51.838
2279.86	5.02882
2281.27	-44.1142
2282.69	-91.2513
2284.1	-10.3943
2285.51	-9.53636
2286.92	-32.6794
2288.33	54.1775
2289.74	-34.9644
2291.15	51.8927
2292.56	-15.2495
2293.97	-6.3925
2295.37	56.4696
2296.78	1.32765
2298.18	-3.82005
2299.58	25.033
2300.99	-32.11
2302.39	6.74202
2303.79	7.59517
2305.19	2.44748
2306.59	51.2998
2307.99	-25.8474
2309.39	19.0047
2310.78	1.86297
2312.18	-31.2847
2313.57	-50.4372
2314.97	-39.5844
2316.36	45.263
2317.75	-23.8886
2319.15	-87.0365
2320.54	-26.1892
2321.93	-59.3408
2323.31	-10.4985
2324.7	10.349
2326.09	27.2072
2327.48	-3.94554
2328.86	32.8981
2330.25	-18.2549
2331.63	-31.4123
2333.02	-28.5637
2334.4	-19.7215
2335.78	-18.878
2337.16	-10.0355
2338.54	-21.1932
2339.92	-48.3497
2341.3	0.502892
2342.68	-30.6547
2344.05	-61.8159
2345.43	-16.9737
2346.81	-30.1301
2348.18	20.7077
2349.55	-6.4548
2350.93	46.3886
2352.3	-52.7736
2353.67	-9.93514
2355.04	-15.0973
2356.41	-34.25
2357.78	14.5887
2359.14	-60.5784
2360.51	14.2592
2361.87	-14.9069
2363.24	-12.0692
2364.6	0.560838
2365.97	-37.4775
2367.33	22.4858
2368.69	-47.55
2370.05	16.4132
2371.41	36.3871
2372.77	-37.6497
2374.13	14.3137
2375.49	-11.7223
2376.84	-75.7574
2378.2	-31.7942
2379.55	-33.8288
2380.91	-33.8654
2382.26	-3.89948
2383.61	2.06501
2384.97	6.02821
2386.32	-69.9963
2387.67	5.96868
2389.02	-84.0655
2390.37	-38.101
2391.71	-44.1346
2393.06	5.83112
2394.4	-60.2027
2395.75	-18.2368
2397.09	-46.2705
2398.44	5.69402
2399.78	-16.3386
2401.12	57.6376
2402.46	-32.396
2403.8	-18.4287
2405.14	-10.4625
2406.48	-6.49524
2407.82	-20.5288
2409.15	11.4389
2410.49	-16.5938
2411.82	-44.6258
2413.16	-50.6588
2414.49	-34.6807
2415.82	1.28684
2417.15	19.2559
2418.49	-8.77771
2419.81	-16.6832
2421.14	-24.0605
2422.47	32.5621
2423.8	-48.8144
2425.13	23.8082
2426.45	60.4274
2427.78	5.05093
2429.1	57.1801
2430.42	-58.8909
2431.75	-56.0871
2433.07	12.367
2434.39	46.4301
2435.71	25.5864
2437.03	33.4636
2438.35	-7.38008
2439.66	8.45179
2440.98	80.0118
2442.3	13.5112
2443.61	1.54279
2444.92	-1.13034
2446.24	-3.30717
2447.55	13.4068
2448.86	40.0168
2450.17	5.36947
2451.48	-2.71272
2452.79	22.6293
2454.1	-69.5981
2455.41	10.9637
2456.71	27.2873
2458.02	35.9781
2459.32	-34.5953
2460.63	13.0554
2461.93	8.39399
2463.23	34.2354
2464.53	13.3167
2465.83	19.0413
2467.14	9.86878
2468.43	-54.8217
2469.73	-2.8795
2471.03	-5.39208
2472.33	11.8246
2473.62	34.4957
2474.92	39.3031
2476.21	37.3354
2477.5	2.48138
2478.8	37.3029
2480.09	48.9318
2481.38	2.15684
2482.67	1.39551
2483.96	-50.922
2485.25	-9.27852
2486.53	31.8779
2487.82	31.1755
2489.1	43.3371
2490.39	77.6705
2491.67	22.8059
2492.96	7.5845
2494.24	-0.203163
2495.52	27.0162
2496.8	14.8428
2498.08	4.3031
2499.36	26.2176
2500.64	20.8379
2501.53	-37.2959
2502.95	-17.3283
2504.37	4.25176
2505.79	9.83277
2507.21	-14.5972
2508.63	-15.0159
2510.05	-19.4461
2511.46	-99.8617
2512.88	1.71845
2514.3	-52.7105
2515.71	-35.1273
2517.13	-61.5562
2518.54	-77.9729
2519.95	17.6114
2521.37	25.1814
2522.78	-31.2341
2524.19	-73.6609
2525.6	-44.0777
2527.01	-48.5031
2528.41	-104.917
2529.82	-61.3324
2531.23	-19.7591
2532.64	-26.1748
2534.04	-12.5982
2535.44	-31.0106
2536.85	-55.4272
2538.25	-33.8499
2539.66	-66.2665
2541.06	-94.6888
2542.46	32.8976
2543.86	22.4851
2545.26	-25.9381
2546.66	-14.3515
2548.06	-60.7741
2549.45	-43.1841
2550.85	-115.597
2552.25	-64.0201
2553.64	-14.4293
2555.03	-42.8492
2556.43	-65.262
2557.82	-43.6721
2559.22	-102.094
2560.61	-24.5047
2562	-94.9238
2563.39	-53.334
2564.78	-83.7532
2566.17	-72.1635
2567.55	-78.5695
2568.94	-4.98928
2570.33	-29.3998
2571.71	-69.8156
2573.1	33.7743
2574.48	-52.6319
2575.86	-11.0487
2577.25	-9.45783
2578.63	-15.8746
2580.01	-24.2807
2581.39	-10.6876
2582.77	-33.1034
2584.15	-39.5105
2585.53	-89.9264
2586.91	-12.3331
2588.28	-6.73618
2589.66	38.847
2591.04	-21.5598
2592.41	6.02771
2593.78	13.6238
2595.16	-32.8344
2596.53	2.96001
2597.9	33.7354
2599.27	-13.5002
2600.64	-44.7246
2602.01	-3.9502
2603.38	8.81525
2604.75	-64.41
2606.12	2.35557
2607.48	-8.87548
2608.85	-40.11
2610.21	-67.3408
2611.58	-86.5654
2612.94	-49.8064
2614.31	-63.0316
2615.67	-22.2718
2617.03	-15.5024
2618.39	17.2677
2619.75	-25.9733
2621.11	-39.203
2622.47	-32.444
2623.82	8.32102
2625.18	1.08997
2626.54	1.85014
2627.89	-27.386
2629.25	-28.626
2630.6	12.138
2631.95	-37.0973
2633.31	9.66167
2634.66	-21.5743
2636.01	-2.81957
2637.36	43.9443
2638.71	-91.291
2640.06	35.4627
2641.41	-25.7723
2642.75	-58.831
2644.1	-37.8731
2645.45	-30.9152
2646.79	16.0271
2648.14	-31.0162
2649.48	-108.064
2650.82	-39.1113
2652.16	-0.168758
2653.51	14.7879
2654.85	-46.2595
2656.19	-67.3171
2657.53	-16.3648
2658.86	16.5814
2660.2	61.524
2661.54	20.4763
2662.87	-2.57751
2664.21	-53.6351
2665.55	-2.68274
2666.88	-29.7356
2668.21	27.2106
2669.54	17.9471
2670.88	-62.0361
2672.21	43.9822
2673.54	-0.0105724
2674.87	-9.99213
2676.2	56.0262
2677.52	32.0349
2678.85	-19.9466
2680.18	-7.9282
2681.5	-9.91844
2682.83	18.0989
2684.15	8.11871
2685.48	-29.8729
2686.8	6.14727
2688.12	-23.8341
2689.44	102.186
2690.76	68.196
2692.08	44.2158
2693.4	20.2348
2694.72	36.2448
2696.04	42.2647
2697.35	10.2853
2698.67	-11.7046
2699.99	38.3151
2701.3	90.3368
2702.62	130.346
2703.93	62.3674
2705.24	70.389
2706.55	88.4007
2707.86	98.4211
2709.17	134.443
2710.48	120.464
2711.79	192.475
2713.1	208.497
2714.41	128.518
2715.71	160.531
2717.02	210.552
2718.32	198.575
2719.63	234.587
2720.93	174.61
2722.23	260.632
2723.54	210.644
2724.84	258.667
2726.14	260.689
2727.44	232.712
2728.74	226.726
2730.03	138.75
2731.33	216.773
2732.63	166.786
2733.92	134.811
2735.22	126.834
2736.52	162.846
2737.81	180.871
2739.1	152.896
2740.39	112.911
2741.68	76.9348
2742.98	46.9581
2744.27	98.9731
2745.56	62.9967
2746.84	63.0233
2748.13	7.04812
2749.42	35.063
2750.71	21.087
2751.99	55.1133
2753.27	43.1299
2754.56	53.1548
2755.84	-6.8198
2757.12	61.1967
2758.41	-68.7783
2759.69	65.2471
2760.97	27.9268
2762.25	-3.26113
2763.53	-6.44931
2764.8	-47.6426
2766.08	29.1594
2767.36	19.9714
2768.63	0.778822
2769.91	47.58
2771.18	50.3873
2772.46	-22.8005
2773.73	9.99702
2775	2.80346
2776.27	3.61111
2777.54	30.4084
2778.81	-36.6756
2780.08	0.248058
2781.35	37.1615
2782.62	8.0851
2783.89	-44.9926
2785.15	45.9254
2786.42	14.839
2787.68	-10.2428
2788.94	12.6742
2790.21	53.5877
2791.47	26.5059
2792.73	43.4229
2793.99	36.3311
2795.25	-44.7507
2796.51	64.1673
2797.77	-2.92565
2799.03	59.9926
2800.29	50.9105
2801.54	53.8233
2802.8	24.7305
2804.05	99.643
2805.31	166.561
2806.56	117.464
2807.81	80.3755
2809.06	53.2882
2810.31	22.1907
2811.57	19.1078
2812.82	82.0206
2814.06	62.9179
2815.31	99.8307
2816.56	176.742
2817.81	159.645
2819.05	148.552
2820.3	101.464
2821.54	132.371
2822.78	177.268
2824.03	242.181
2825.27	221.087
2826.51	259.985
2827.75	286.892
2828.99	351.799
2830.23	396.695
2831.47	501.603
2832.71	534.51
2833.94	669.402
2835.18	730.308
2836.41	857.21
2837.65	1150.11
2838.88	1325.01
2840.12	1673.92
2841.35	2008.82
2842.58	2351.71
2843.81	2558.61
2845.04	2845.51
2846.27	2872.4
2847.5	2855.31
2848.73	2720.21
2849.95	2593.09
2851.18	2529.99
2852.4	2362.89
2853.63	2245.78
2854.85	2202.68
2856.08	2163.58
2857.3	2214.48
2858.52	2105.36
2859.74	2014.26
2860.96	2025.16
2862.18	2028.04
2863.4	2000.94
2864.62	2033.83
2865.84	1962.72
2867.05	1975.61
2868.27	1956.51
2869.48	2015.39
2870.7	2022.28
2871.91	2161.17
2873.12	2300.05
2874.33	2404.95
2875.55	2599.84
2876.76	2904.73
2877.97	3491.61
2879.18	3918.5
2880.38	4475.39
2881.59	4754.27
2882.8	4681.16
2884	4328.05
2885.21	3726.93
2886.41	3185.81
2887.62	2822.7
2888.82	2441.58
2890.02	2194.46
2891.22	2079.35
2892.42	1948.22
2893.62	1823.11
2894.82	1790
2896.02	1854.88
2897.22	1811.76
2898.42	1812.64
2899.61	1675.52
2900.81	1662.4
2902	1611.28
2903.2	1652.16
2904.39	1575.03
2905.58	1627.91
2906.77	1518.79
2907.96	1529.66
2909.15	1496.54
2910.34	1465.42
2911.53	1404.3
2912.72	1339.17
2913.91	1376.05
2915.09	1266.93
2916.28	1195.8
2917.46	1172.67
2918.65	1149.55
2919.83	1140.41
2921.01	1123.29
2922.2	1124.17
2923.38	1069.03
2924.56	1077.91
2925.74	1090.78
2926.91	1129.65
2928.09	1060.52
2929.27	1069.39
2930.45	1000.27
2931.62	1057.12
2932.8	1074
2933.97	990.865
2935.15	1011.73
2936.32	1004.6
2937.49	925.47
2938.66	938.334
2939.83	861.197
2941	824.071
2942.17	872.927
2943.34	863.796
2944.51	772.666
2945.67	729.528
2946.84	760.388
2948	705.252
2949.17	630.123
2950.33	612.971
2951.49	647.839
2952.66	624.707
2953.82	603.56
2954.98	610.429
2956.14	607.286
2957.3	608.145
2958.46	529.002
2959.61	569.865
2960.77	558.718
2961.93	559.582
2963.08	492.443
2964.24	453.301
2965.39	484.154
2966.54	429.006
2967.7	459.874
2968.85	414.717
2970	417.579
2971.15	394.442
2972.3	317.285
2973.45	384.147
2974.59	330.994
2975.74	299.847
2976.89	322.709
2978.03	303.558
2979.18	258.419
2980.32	275.256
2981.46	230.113
2982.61	144.966
2983.75	189.813
2984.89	166.67
2986.03	189.517
2987.17	164.364
2988.31	145.212
2989.44	144.063
2990.58	160.9
2991.72	71.7577
2992.85	80.6093
2993.99	117.446
2995.12	126.298
2996.26	133.145
2997.39	107.997
2998.52	130.829
2999.65	155.68
3000.78	128.532
3001.91	123.364
3003.04	116.216
3004.17	167.057
3005.3	76.699
3006.42	164.795
3007.55	108.297
3008.68	44.9086
3009.8	68.255
3010.92	70.3512
3012.04	130.748
3013.17	79.1293
3014.29	51.8257
3015.41	52.432
3016.53	74.9285
3017.65	69.1646
3018.77	58.2309
3019.88	43.6617
3021	86.5621
3022.12	21.8645
3023.23	42.9454
3024.35	77.7219
3025.46	13.9026
3026.57	43.5035
3027.69	4.09976
3028.8	30.8208
3029.91	48.2713
3031.02	46.2824
3032.13	46.2532
3033.23	8.33872
3034.34	82.1398
3035.45	12.3906
3036.55	6.29627
3037.66	16.3969
3038.77	40.3879
3039.87	18.2735
3040.97	11.0589
3042.07	-2.17573
3043.18	1.84499
3044.28	-3.6693
3045.38	28.5661
3046.48	-2.5084
3047.58	-44.5627
3048.67	-15.1228
3049.77	-21.5473
3050.87	-53.5617
3051.96	58.488
3053.06	-13.6063
3054.15	-25.9362
3055.24	-11.5463
3056.34	-13.8056
3057.43	8.59611
3058.52	2.18819
3059.61	-7.95007
3060.7	12.3715
3061.79	-11.7363
3062.87	24.1256
3063.96	-22.2328
3065.05	2.68902
3066.13	-19.9191
3067.22	-54.6172
3067.8	-68.9262
3069.03	10.3256
3070.26	3.57784
3071.49	-65.17
3072.71	-87.9279
3073.94	-68.6759
3075.16	42.546
3076.39	-68.2018
3077.61	43.0404
3078.84	-3.70749
3080.06	21.5346
3081.28	0.776505
3082.5	-65.9814
3083.73	7.27059
3084.94	-3.50726
3086.16	-2.27539
3087.38	-13.0334
3088.6	2.20883
3089.82	55.451
3091.04	6.6932
3092.25	7.92499
3093.47	-54.8329
3094.68	-7.61098
3095.9	9.63102
3097.11	-53.1469
3098.32	36.0853
3099.54	-4.67245
3100.75	8.55935
3101.96	35.7915
3103.17	-34.9767
3104.37	-25.7643
3105.58	-72.5325
3106.79	26.6997
3108	-52.0782
3109.21	1.15349
3110.41	-29.6243
3111.62	13.6078
3112.82	-39.1701
3114.03	-25.9483
3115.23	1.27376
3116.43	26.4957
3117.64	-10.2721
3118.84	-3.05996
3120.04	98.162
3121.24	-24.6159
3122.44	92.6058
3123.64	3.81796
3124.83	-10.9699
3126.03	-7.74787
3127.23	5.47408
3128.43	-57.314
3129.62	-20.1016
3130.81	-60.8898
3132.01	-7.67782
3133.2	-24.466
3134.39	4.74616
3135.59	5.96833
3136.78	5.1802
3137.97	-25.6077
3139.16	-52.4058
3140.35	20.8064
3141.54	-9.72527
3142.72	67.7473
3143.91	11.232
3145.1	14.717
3146.28	30.1895
3147.47	17.6741
3148.66	39.1589
3149.84	-3.37861
3151.02	12.0839
3152.21	-6.4315
3153.39	59.0409
3154.57	54.5138
3155.75	7.98602
3156.93	-24.5414
3158.11	14.931
3159.29	52.4035
3160.47	17.8559
3161.64	1.316
3162.82	24.7888
3163.99	96.2488
3165.17	-42.2787
3166.34	-54.8186
3167.52	8.54233
3168.69	21.2693
3169.86	9.98677
3171.04	14.7097
3172.21	-6.56292
3173.38	-37.8356
3174.55	-3.10848
3175.72	77.6187
3176.89	34.3458
3178.05	21.0671
3179.22	13.7841
3180.39	36.5114
3181.55	1.22274
3182.72	-10.0502
3183.88	-19.329
3185.05	-10.6019
3186.21	-9.8806
3187.37	-7.15939
3188.53	-10.4483
3189.69	74.2729
3190.86	43.0001
3192.01	-12.2947
3193.17	10.4262
3194.33	9.14758
3195.49	-38.1314
3196.65	52.5897
3197.8	13.2949
3198.96	36.016
3200.11	-27.2686
3201.27	-30.5477
3202.42	-59.8425
3203.58	22.8786
3204.73	25.5939
3205.88	-1.69137
3207.03	15.014
3208.18	21.7292
3209.33	-63.5559
3210.48	23.1594
3211.63	49.8643
3212.77	22.5737
3213.92	5.28844
3215.07	-57.9963
3216.21	66.703
3217.36	-6.58198
3218.5	52.127
3219.65	68.842
3220.79	7.55129
3221.93	-69.75
3223.07	30.9594
3224.21	-70.3317
3225.35	-13.6325
3226.49	-8.92347
3227.63	47.7855
3228.77	0.494788
3229.91	3.20365
3231.04	21.9068
3232.18	16.6057
3233.32	-8.69499
3234.45	14.008
3235.58	-27.289
3236.72	-54.5799
3237.85	-37.8769
3238.98	4.82602
3240.11	-4.47099
3241.24	-5.30538
3242.37	58.5093
3243.5	-47.6568
3244.63	0.177424
3245.76	42.0119
3246.89	-26.1539
3248.01	51.6644
3249.14	-46.5013
3250.27	-2.66686
3251.39	21.1413
3252.51	-15.0502
3253.64	-17.2161
3254.76	-43.3976
3255.88	32.4203
3257	2.23885
3258.12	-3.94273
3259.24	-2.12471
3260.36	51.6839
3261.48	-76.4982
3262.6	-40.6895
3263.71	-18.8878
3264.83	46.9309
3265.94	-11.2672
3267.06	-19.4486
3268.17	14.3532
3269.29	48.1617
3270.4	33.9639
3271.51	-20.2339
3272.63	31.5742
3273.74	53.3766
3274.85	13.1791
3275.95	-71.0352
3277.06	26.7673
3278.17	-77.4405
3279.28	-29.6383
3280.39	4.16372
3281.49	19.576
3282.6	36.4261
3283.7	-0.721636
3284.81	24.1384
3285.91	82.9908
3287.01	49.8331
3288.11	38.6856
3289.22	-0.454704
3290.32	44.3979
3291.42	-12.8188
3292.52	-14.1943
3293.61	-17.5756
3294.71	59.0487
3295.81	-44.3367
3296.91	22.2872
3298	-71.0938
3299.1	47.5305
3300.19	42.1493
3301.29	38.7635
3302.38	-14.6176
3303.47	-11.9986
3304.56	18.61
3305.65	25.2289
3306.74	77.8477
3307.83	28.4667
3308.92	15.0852
3310.01	31.7042
3311.1	40.3132
3312.19	72.9317
3313.27	67.5352
3314.36	-23.8461
3315.44	-17.2327
3316.53	33.3859
3317.61	63.9994
3318.69	46.6125
3319.77	31.2261
3320.86	-52.1751
3321.94	0.43804
3323.02	-0.948499
3324.1	53.6648
3325.18	-15.7219
3326.25	14.8859
3327.33	69.4993
3328.41	40.1126
3329.48	4.71034
3330.56	45.3138
3331.63	-22.0785
3332.71	-5.46518
3333.78	-8.85739
3334.85	65.7505
3335.93	56.364
3336.99	-17.0339
3338.07	-16.4304
3339.14	-23.8227
3340.21	6.77506
3341.27	23.8376
3342.34	34.9392
3343.41	12.0403
3344.47	19.1317
3345.54	12.2334
3346.61	31.3247
3347.67	-25.584
3348.73	23.5071
3349.8	40.5987
3350.86	-52.31
3351.92	-13.2189
3352.98	-32.1274
3354.04	14.9639
3355.1	4.04539
3356.16	9.13618
3357.22	44.2277
3358.27	-16.6911
3359.33	34.3904
3360.39	-12.5186
3361.44	-17.4374
3362.5	-6.34585
3363.55	-13.2749
3364.61	-48.1834
3365.66	-21.1025
3366.71	13.9789
3367.76	9.04987
3368.81	-57.8687
3369.86	-16.7873
3370.91	68.2935
3371.96	-30.6352
3373.01	-23.5541
3374.05	39.5172
3375.1	2.59826
3376.14	47.6692
3377.19	18.7406
3378.24	-34.1783
3379.28	48.8929
3380.32	127.954
3381.36	-10.9749
3382.41	-11.894
3383.45	-52.8229
3384.49	-19.7516
3385.53	95.3194
3386.57	28.3807
3387.6	71.4415
3388.64	52.5026
3389.68	-10.4264
3390.71	2.63456
3391.75	-6.29442
3392.78	-47.2332
3393.82	35.8381
3394.85	-15.1012
3395.88	41.9396
3396.92	-48.9894
3397.95	-5.92814
3398.98	23.1326
