41.5411	2784
43.8598	2736.09
46.1779	2808.17
48.4934	3222.26
50.8103	3892.35
53.1246	4548.44
55.4383	5320.53
57.7493	6518.61
60.0619	7898.67
62.3717	8886.74
64.681	9154.91
66.9876	9052.98
69.2979	8881.05
71.6033	8463.12
73.9082	8135.19
76.2125	7857.27
78.512	7813.44
80.8151	7571.51
83.1156	7307.58
85.4155	7007.66
87.7127	6729.75
90.0115	6425.83
92.3075	6299.92
94.6031	6170.01
96.8959	5886.09
99.1903	5898.19
101.482	5768.27
103.773	5742.36
106.062	5588.45
108.349	5436.53
110.641	5342.62
112.926	5264.71
115.21	5110.79
117.495	4912.88
119.78	4768.97
122.061	4829.06
124.342	4683.15
126.624	4499.23
128.902	4339.32
131.18	4259.41
133.458	4117.49
135.733	4033.58
138.007	3921.66
140.283	3841.75
142.554	3799.85
144.824	3747.93
147.096	3692.02
149.368	3494.11
151.632	3324.19
153.9	3340.28
156.168	3218.37
158.433	3230.45
160.698	3132.54
162.959	2964.62
165.221	2884.72
167.481	2738.81
169.742	2578.89
172.001	2622.98
174.258	2437.07
176.515	2357.15
178.77	2441.24
181.026	2239.32
183.278	2343.41
185.53	2281.5
187.782	2245.59
190.033	2205.68
192.279	2025.77
194.529	1985.85
196.774	1887.94
199.021	1910.02
201.267	1894.11
203.511	1808.2
205.752	1728.28
207.994	1796.38
210.234	1684.47
212.473	1694.55
214.712	1746.64
216.948	1748.73
219.184	1692.81
221.419	1604.9
223.653	1690.98
225.887	1593.07
228.12	1669.16
230.349	1661.25
232.579	1543.34
234.809	1539.43
237.036	1569.51
239.262	1561.6
241.488	1563.68
243.712	1421.77
245.934	1437.86
248.157	1489.94
250.379	1474.04
252.598	1430.13
254.816	1394.21
257.034	1414.3
259.252	1380.38
261.467	1364.47
263.681	1416.56
265.895	1384.64
268.108	1436.73
270.319	1304.82
272.529	1410.91
274.739	1447
276.948	1367.09
279.154	1281.17
281.36	1345.26
283.564	1361.34
285.768	1201.43
287.973	1221.52
290.175	1329.6
292.372	1187.69
294.572	1279.79
296.773	1217.87
298.968	1313.96
301.165	1264.04
303.36	1160.13
305.553	1220.22
307.747	1136.3
309.94	1290.39
312.13	1184.48
314.322	1152.56
316.509	1272.66
318.696	1212.75
320.882	1186.83
323.068	1226.92
325.253	1217
327.437	1253.09
329.619	1235.18
331.801	1211.26
333.98	1207.35
336.16	1265.45
338.338	1235.53
340.515	1209.62
342.69	1291.7
344.866	1203.79
347.038	1189.88
349.213	1193.96
351.384	1228.05
353.554	1246.14
355.723	1270.22
357.892	1244.32
360.057	1258.41
362.225	1408.49
364.388	1284.58
366.553	1264.66
368.716	1248.75
370.878	1284.84
373.039	1202.92
375.198	1197.01
377.358	1121.11
379.514	1139.19
381.673	1189.28
383.828	1151.36
385.982	1137.45
388.136	1143.54
390.287	1111.62
392.438	1125.71
394.588	1099.8
396.737	1095.88
398.884	1033.98
401.031	1178.06
403.177	1120.15
405.323	1102.24
407.466	1118.32
409.608	1076.41
411.748	1108.5
413.889	1062.58
416.03	1156.67
418.167	1102.76
420.303	1020.85
422.44	1072.94
424.575	1107.02
426.709	1157.11
428.841	1099.2
430.973	1147.28
433.103	1075.37
435.234	1093.46
437.362	1189.54
439.489	1157.63
441.616	1227.72
443.742	1013.81
445.866	1065.9
447.989	1049.98
450.112	1036.07
452.23	1042.16
454.352	1064.24
456.469	1090.33
458.588	1154.41
460.704	1064.51
462.82	1078.6
464.933	1072.68
467.048	1124.77
469.16	1034.86
471.272	1100.94
473.381	1041.03
475.49	1129.12
477.598	1067.2
479.706	1093.29
481.811	1127.38
483.916	1115.47
486.02	1083.56
488.122	999.64
490.223	1071.73
492.324	1099.82
494.424	1069.9
496.522	1149.99
498.619	1140.07
500.716	1110.16
502.81	1146.26
504.904	1064.34
506.997	1128.43
509.09	1174.52
511.181	1124.6
513.27	1136.69
515.358	1210.78
517.447	1184.86
519.533	1208.95
521.619	1079.04
523.702	1139.13
525.787	1191.22
527.868	1227.3
529.948	1227.39
532.031	1189.48
534.11	1153.56
536.184	1181.65
538.262	1193.73
540.338	1163.82
542.413	1145.92
544.486	1176
546.56	1166.09
548.631	1126.18
550.7	1182.26
552.771	1192.35
554.837	1142.43
556.907	1080.52
558.972	1162.61
561.037	1124.69
563.101	1236.79
565.163	1106.88
567.224	1222.96
569.285	1171.05
571.345	1093.14
573.403	1221.22
575.461	1223.31
577.518	1125.39
579.572	1207.48
581.626	1167.58
583.68	1227.66
585.733	1225.75
587.783	1185.84
589.833	1209.92
591.883	1212.01
593.928	1208.09
595.977	1310.18
598.021	1188.27
600.065	1204.35
602.11	1284.45
604.151	1346.54
606.194	1304.62
608.234	1382.71
610.273	1380.79
612.31	1386.88
614.347	1318.97
616.383	1341.05
618.418	1327.14
620.453	1369.23
622.484	1257.32
624.516	1337.41
626.546	1303.5
628.576	1329.58
630.604	1345.67
632.631	1321.75
634.659	1251.84
636.682	1367.93
638.707	1424.01
640.732	1346.11
642.754	1416.2
644.772	1412.28
646.793	1422.37
648.812	1416.45
650.83	1420.54
652.846	1446.63
654.861	1430.71
656.876	1434.8
658.889	1416.89
660.901	1424.98
662.913	1469.07
664.924	1407.15
666.932	1485.24
668.941	1443.33
670.947	1463.41
672.952	1437.5
674.957	1421.59
676.961	1437.67
678.964	1391.76
680.965	1401.86
682.964	1379.94
684.963	1444.03
686.963	1354.11
688.959	1398.2
690.955	1420.29
692.95	1422.37
694.944	1356.46
696.938	1390.55
698.93	1408.64
700.921	1514.73
702.91	1462.81
704.898	1470.9
706.886	1398.99
708.874	1439.07
710.857	1477.16
712.843	1491.25
714.825	1441.33
716.807	1479.42
718.788	1457.52
720.769	1461.6
722.748	1499.69
724.726	1469.77
726.701	1585.86
728.678	1473.95
730.653	1548.03
732.625	1532.12
734.599	1548.21
736.569	1522.29
738.542	1538.39
740.51	1534.47
742.479	1596.56
744.446	1584.65
746.41	1594.73
748.376	1632.82
750.339	1516.91
752.303	1552.99
754.265	1601.08
756.226	1655.18
758.185	1597.26
760.143	1621.35
762.101	1633.43
764.056	1621.52
766.011	1607.61
767.966	1627.69
769.92	1781.78
771.872	1655.87
773.824	1693.95
775.773	1646.05
777.721	1724.13
779.669	1810.22
781.617	1778.31
783.561	1886.39
785.508	1826.48
787.45	1892.57
789.392	1916.65
791.334	1926.74
793.275	1990.82
795.212	2022.92
797.152	2039.01
799.089	2105.09
801.024	2071.18
802.959	2069.27
804.894	2097.35
806.825	2113.44
808.759	2029.53
810.688	2079.61
812.618	2091.71
814.546	2041.79
816.475	1897.88
818.401	2049.97
820.326	1932.05
822.25	1982.14
824.172	1984.23
826.095	2004.31
828.017	2062.4
829.936	2024.48
831.855	1986.58
833.772	2036.67
835.689	2064.75
837.605	2038.84
839.52	2142.93
841.433	2133.01
843.346	2155.1
845.257	2277.19
847.167	2227.27
849.076	2149.36
850.985	2213.45
852.89	2229.54
854.799	2163.63
856.703	2157.71
858.606	2123.8
860.51	2053.89
862.411	2145.97
864.311	2088.06
866.211	2230.14
868.109	2222.24
870.006	2284.33
871.903	2222.41
873.798	2212.5
875.694	2186.59
877.586	2110.67
879.477	2180.76
881.368	2148.84
883.259	2298.93
885.149	2499.02
887.035	2777.11
888.922	2919.2
890.807	2905.29
892.692	2659.37
894.576	2303.46
896.458	2185.55
898.342	2019.63
900.221	2013.72
902.1	1989.8
903.978	1897.89
905.856	1815.99
907.73	1800.07
909.607	1854.16
911.48	1808.25
913.352	1772.33
915.225	1822.42
917.096	1856.5
918.964	1814.59
920.835	1898.68
922.701	1810.77
924.568	1816.86
926.434	1796.95
928.295	1813.03
930.16	1737.12
932.021	1817.2
933.884	1841.29
935.744	1817.38
937.601	1801.46
939.461	1717.55
941.316	1693.65
943.174	1771.73
945.029	1701.82
946.882	1725.91
948.732	1657.99
950.585	1634.08
952.436	1640.16
954.284	1558.25
956.132	1612.34
957.98	1674.42
959.825	1630.52
961.672	1576.61
963.515	1534.69
965.357	1572.78
967.199	1572.86
969.041	1524.16
970.882	1530.98
972.719	1633.87
974.557	1554.28
976.393	1539.34
978.229	1613.86
980.062	1531.38
981.897	1559.35
983.728	1559.5
985.558	1500.79
987.39	1556.5
989.218	1616.01
991.047	1600.86
992.874	1615.73
994.701	1558.26
996.525	1632.37
998.349	1645.1
1000.17	1727.61
1001.99	1677.89
1003.81	1706.59
1005.63	1736.57
1007.45	1747.84
1009.27	1778.59
1011.09	1784.42
1012.9	1836.66
1014.71	1788.1
1016.53	1777.12
1018.34	1744.23
1020.15	1713.31
1021.96	1703.05
1023.77	1730.74
1025.58	1715.44
1027.38	1728.32
1029.19	1739
1030.99	1690.88
1032.8	1710.77
1034.6	1779.83
1036.4	1767.78
1038.2	1797.5
1040	1865.22
1041.8	1928.99
1043.6	1924.62
1045.39	1990.51
1047.19	2059.84
1048.98	2159.94
1050.77	2440
1052.56	2447.7
1054.36	2550.66
1056.15	2947.78
1057.94	3603.08
1059.72	4518.41
1061.51	5281.99
1063.3	5404.65
1065.08	4850.98
1066.86	3986.44
1068.21	3369.38
1070.14	2703.4
1072.06	2415.43
1073.99	2297.46
1075.91	2241.49
1077.84	2125.51
1079.76	2135.54
1081.68	2147.57
1083.6	2053.59
1085.52	2139.62
1087.44	2201.65
1089.36	2263.67
1091.27	2405.7
1093.19	2693.73
1095.1	2789.76
1097.02	2943.78
1098.93	2953.81
1100.85	2771.83
1102.76	2447.86
1104.67	2251.89
1106.58	2101.92
1108.49	2027.95
1110.39	1883.98
1112.3	1934
1114.21	2062.02
1116.11	2000.05
1118.01	2124.08
1119.92	2402.11
1121.82	2686.14
1123.72	3414.16
1125.62	4328.19
1127.52	5236.21
1129.42	5514.24
1131.32	4496.27
1133.21	3142.3
1135.11	2322.32
1137	2004.35
1138.9	1822.38
1140.79	1804.4
1142.68	1594.43
1144.57	1644.45
1146.46	1588.48
1148.35	1522.51
1150.24	1528.54
1152.12	1436.57
1154.01	1400.59
1155.9	1390.61
1157.78	1436.64
1159.66	1452.67
1161.55	1454.7
1163.43	1426.73
1165.31	1480.76
1167.19	1548.78
1169.07	1426.8
1170.95	1478.83
1172.82	1530.86
1174.7	1604.89
1176.57	1554.92
1178.45	1564.94
1180.32	1456.97
1182.19	1424.99
1184.07	1403.02
1185.93	1361.05
1187.8	1383.08
1189.67	1401.1
1191.54	1373.13
1193.41	1337.16
1195.27	1357.19
1197.14	1299.21
1199	1349.24
1200.87	1293.26
1202.73	1313.29
1204.59	1283.32
1206.45	1323.35
1208.31	1381.38
1210.17	1287.4
1212.02	1345.42
1213.88	1345.45
1215.73	1357.48
1217.59	1377.51
1219.44	1439.54
1221.3	1407.57
1223.15	1421.58
1225	1415.61
1226.85	1511.64
1228.7	1423.67
1230.55	1433.7
1232.39	1463.73
1234.24	1447.75
1236.09	1513.77
1237.93	1567.8
1239.77	1521.83
1241.61	1557.86
1243.46	1539.89
1245.3	1581.91
1247.14	1611.94
1248.97	1579.97
1250.81	1551.99
1252.65	1620.02
1254.48	1630.05
1256.32	1650.07
1258.15	1696.1
1259.99	1640.13
1261.82	1692.16
1263.65	1778.18
1265.48	1788.21
1267.31	1824.23
1269.14	1810.26
1270.97	1806.29
1272.79	1956.32
1274.62	1980.35
1276.44	2018.38
1278.27	2038.39
1280.09	1974.42
1281.91	2102.45
1283.73	2200.48
1285.55	2286.51
1287.37	2530.54
1289.19	2928.56
1291.01	3798.58
1292.82	5222.61
1294.64	6714.64
1296.45	6714.67
1298.27	5360.7
1300.08	3930.72
1301.89	3048.75
1303.7	2710.77
1305.51	2432.8
1307.32	2174.83
1309.13	2116.86
1310.93	2022.88
1312.74	1992.91
1314.55	1910.94
1316.35	1870.97
1318.15	1818.99
1319.96	1797.02
1321.76	1753.04
1323.56	1783.07
1325.36	1823.1
1327.16	1757.13
1328.95	1719.16
1330.75	1745.18
1332.54	1631.2
1334.34	1611.23
1336.13	1619.26
1337.93	1559.29
1339.72	1533.32
1341.51	1549.35
1343.3	1513.37
1345.09	1475.39
1346.88	1509.42
1348.67	1503.45
1350.45	1467.48
1352.24	1463.51
1354.02	1437.53
1355.8	1445.56
1357.59	1433.58
1359.37	1409.61
1361.15	1407.64
1362.93	1491.67
1364.71	1459.69
1366.49	1609.72
1368.26	1623.75
1370.04	1647.77
1371.82	1611.8
1373.59	1559.83
1375.36	1449.85
1377.14	1419.88
1378.91	1361.91
1380.68	1409.94
1382.45	1383.97
1384.22	1381.99
1385.98	1320.01
1387.75	1386.04
1389.51	1272.07
1391.28	1396.1
1393.04	1384.13
1394.81	1398.16
1396.57	1480.18
1398.33	1410.2
1400.09	1404.23
1401.85	1432.26
1403.61	1472.29
1405.37	1442.32
1407.12	1492.34
1408.88	1596.37
1410.63	1646.39
1412.38	1666.42
1414.14	1752.45
1415.89	1838.48
1417.64	1908.5
1419.39	2028.53
1421.14	2170.56
1422.89	2350.58
1424.63	2628.61
1426.38	3058.63
1428.13	3518.66
1429.87	3862.69
1431.61	4450.72
1433.35	4988.75
1435.1	5472.78
1436.84	5638.8
1438.58	5562.82
1440.31	5336.85
1442.05	4906.88
1443.79	4802.91
1445.53	4508.94
1447.26	4446.96
1448.99	4298.98
1450.73	4277.01
1452.46	4301.04
1454.19	4397.07
1455.92	4537.1
1457.65	4547.12
1459.38	4377.15
1461.11	4323.18
1462.83	4209.2
1464.56	4017.23
1466.28	3795.26
1468.01	3631.28
1469.73	3319.31
1471.45	2991.34
1473.17	2691.37
1474.89	2397.39
1476.61	2213.42
1478.33	2115.44
1480.04	1941.47
1481.76	1867.5
1483.48	1795.53
1485.19	1683.56
1486.9	1505.58
1488.62	1501.6
1490.33	1395.63
1492.04	1443.66
1493.75	1401.69
1495.46	1403.72
1497.16	1315.75
1498.87	1305.77
1500.58	1299.79
1502.28	1199.82
1503.98	1281.85
1505.69	1285.88
1507.39	1257.91
1509.09	1243.93
1510.79	1249.96
1512.49	1225.98
1514.19	1244.01
1515.89	1236.04
1517.58	1206.07
1519.28	1210.09
1520.97	1202.12
1522.67	1152.15
1524.36	1176.18
1526.05	1176.2
1527.74	1174.23
1529.43	1212.25
1531.12	1152.28
1532.81	1164.31
1534.49	1106.34
1536.18	1158.37
1537.87	1122.39
1539.55	1114.41
1541.23	1128.44
1542.91	1166.47
1544.6	1096.5
1546.28	1124.53
1547.96	1100.56
1549.64	1096.58
1551.31	1122.6
1552.99	1098.63
1554.67	1042.66
1556.34	1088.69
1558.01	1092.72
1559.69	1150.74
1561.36	1110.76
1563.03	1138.79
1564.7	1154.82
1566.37	1142.85
1568.04	1130.88
1569.71	1058.9
1571.37	1102.93
1573.04	1112.96
1574.7	1124.98
1576.36	1101.01
1578.03	1103.04
1579.69	1105.06
1581.35	1141.09
1583.01	1077.12
1584.67	1101.15
1586.33	1109.18
1587.98	1021.2
1589.64	1093.22
1591.3	1119.25
1592.95	1105.28
1594.6	1109.31
1596.26	1093.34
1597.91	1067.36
1599.56	1079.38
1601.2	1125.41
1602.86	1067.44
1604.5	1095.47
1606.15	1079.5
1607.79	1061.53
1609.44	1059.55
1611.08	1067.57
1612.73	1071.6
1614.37	1047.63
1616.01	1069.66
1617.65	1117.69
1619.29	1075.71
1620.93	1085.74
1622.56	1081.76
1624.2	1099.79
1625.84	1045.82
1627.47	979.851
1629.1	1099.87
1630.74	1035.9
1632.37	1045.93
1634	1019.96
1635.63	1039.98
1637.26	1060.01
1638.89	1030.03
1640.51	1050.06
1642.14	1050.09
1643.77	1066.12
1645.39	1004.15
1647.01	1004.17
1648.63	1032.19
1650.26	1024.22
1651.88	994.251
1653.5	1010.28
1655.11	1016.31
1656.73	996.337
1658.35	1028.35
1659.96	996.384
1661.58	1016.41
1663.19	1002.44
1664.81	988.47
1666.42	976.489
1668.03	1010.52
1669.64	986.546
1671.25	1032.57
1672.86	966.603
1674.46	990.632
1676.07	964.651
1677.67	1006.68
1679.28	1004.71
1680.88	960.737
1682.49	1024.77
1684.09	964.794
1685.69	988.812
1687.29	980.841
1688.89	1000.87
1690.48	966.898
1692.08	976.927
1693.68	1034.96
1695.27	1024.97
1696.87	995.003
1698.46	1019.03
1700.05	1019.06
1701.64	1071.09
1703.23	1071.12
1704.82	1077.14
1706.41	1171.16
1708	1219.19
1709.59	1233.22
1711.17	1203.25
1712.76	1121.28
1714.34	1181.3
1715.92	1193.33
1717.51	1153.35
1719.09	1183.38
1720.67	1147.41
1722.25	1209.44
1723.83	1269.46
1725.4	1289.49
1726.98	1329.52
1728.55	1361.55
1730.13	1413.57
1731.7	1441.6
1733.27	1543.62
1734.85	1561.65
1736.42	1619.68
1737.99	1623.71
1739.56	1675.74
1741.12	1619.77
1742.69	1661.78
1744.26	1625.81
1745.82	1605.84
1747.39	1543.87
1748.95	1483.9
1750.51	1443.93
1752.07	1369.95
1753.63	1409.97
1755.19	1322
1756.75	1236.86
1758.31	1247.47
1759.87	1213.02
1761.42	1172.06
1762.98	1144.46
1764.53	1101.27
1766.08	1074.87
1767.63	1060.08
1769.19	1019.92
1770.74	1021.6
1772.29	1018.37
1773.83	977.386
1775.38	988.643
1776.93	973.831
1778.47	1012.69
1780.02	1012.45
1781.56	995.816
1783.1	962.893
1784.65	985.451
1786.19	931.861
1787.73	967.493
1789.26	938.674
1790.8	932.529
1792.34	962.392
1793.88	926
1795.41	901.814
1796.95	924.095
1798.48	927.568
1800.01	963.69
1801.54	901.855
1803.07	933.852
1804.6	917.007
1806.13	857.926
1807.66	887.5
1809.19	916.96
1810.71	898.455
1812.24	907.091
1813.76	901.716
1815.28	919.523
1816.81	912.653
1818.33	887.127
1819.85	897.254
1821.37	900.541
1822.88	883.015
1824.4	889.933
1825.92	885.666
1827.43	894.449
1828.95	892.903
1830.46	912.263
1831.98	919.049
1833.49	931.086
1835	904.939
1836.51	869.768
1838.02	861.24
1839.52	917.158
1841.03	926.483
1841.31	927.874
1842.96	855.922
1844.61	907.97
1846.26	896.008
1847.91	882.056
1849.55	890.105
1851.2	902.143
1852.85	904.191
1854.49	900.239
1856.14	894.287
1857.78	898.325
1859.42	870.373
1861.06	898.421
1862.7	932.46
1864.34	906.508
1865.98	904.556
1867.62	932.604
1869.26	922.642
1870.9	878.69
1872.53	902.738
1874.17	922.777
1875.8	872.825
1877.44	910.873
1879.07	902.921
1880.7	858.959
1882.33	901.007
1883.96	947.055
1885.59	861.093
1887.22	897.142
1888.85	903.19
1890.48	869.228
1892.1	907.276
1893.73	875.324
1895.35	885.372
1896.98	937.41
1898.6	915.458
1900.22	851.507
1901.84	883.545
1903.47	885.593
1905.08	897.641
1906.7	879.689
1908.32	879.727
1909.94	887.775
1911.55	893.824
1913.17	893.862
1914.79	907.91
1916.4	829.958
1918.01	934.006
1919.62	904.044
1921.24	874.092
1922.85	884.14
1924.46	870.179
1926.07	866.227
1927.67	834.275
1929.28	898.313
1930.89	856.361
1932.5	888.409
1934.1	872.457
1935.7	840.496
1937.31	866.544
1938.91	894.592
1940.51	896.63
1942.11	938.678
1943.71	930.726
1945.31	910.774
1946.91	880.812
1948.51	906.861
1950.1	922.909
1951.7	852.947
1953.3	894.995
1954.89	939.043
1956.48	923.091
1958.08	893.129
1959.67	937.178
1961.26	909.226
1962.85	911.264
1964.44	893.312
1966.03	883.36
1967.61	969.398
1969.2	921.446
1970.79	943.494
1972.37	889.543
1973.96	939.581
1975.54	895.629
1977.12	883.677
1978.7	903.715
1980.29	887.763
1981.87	937.811
1983.45	947.86
1985.02	943.898
1986.6	973.946
1988.18	939.994
1989.75	952.032
1991.33	912.08
1992.91	918.128
1994.48	886.176
1996.05	970.215
1997.62	930.263
1999.2	942.311
2000.77	938.349
2002.34	922.397
2003.9	988.445
2005.47	948.483
2007.04	942.531
2008.61	934.58
2010.17	924.628
2011.74	962.666
2013.3	958.714
2014.86	934.762
2016.42	998.8
2017.98	964.848
2019.55	1002.9
2021.11	950.945
2022.66	956.983
2024.22	953.031
2025.78	923.079
2027.34	925.117
2028.89	907.165
2030.45	905.213
2032	887.262
2033.55	927.3
2035.1	937.348
2036.66	893.396
2038.21	875.434
2039.76	961.482
2041.31	907.53
2042.85	903.579
2044.4	885.617
2045.95	899.665
2047.49	883.713
2049.04	829.751
2050.58	913.799
2052.13	871.847
2053.67	871.885
2055.21	865.934
2056.75	875.982
2058.29	888.03
2059.83	862.068
2061.37	874.116
2062.9	878.164
2064.44	890.202
2065.98	898.25
2067.51	874.299
2069.04	842.347
2070.58	886.385
2072.11	910.433
2073.64	876.481
2075.17	872.519
2076.7	908.567
2078.23	872.616
2079.76	860.664
2081.29	920.702
2082.81	920.75
2084.34	880.798
2085.86	858.836
2087.39	856.884
2088.91	908.933
2090.43	876.971
2091.96	911.019
2093.48	865.067
2095	919.115
2096.52	929.153
2098.03	897.201
2099.55	889.249
2101.07	911.288
2102.58	929.336
2104.1	875.384
2105.61	875.432
2107.13	923.47
2108.64	919.518
2110.15	923.566
2111.66	847.604
2113.17	937.653
2114.68	917.701
2116.19	957.749
2117.7	903.787
2119.2	953.835
2120.71	925.883
2122.21	849.921
2123.72	911.97
2125.22	962.018
2126.73	880.056
2128.23	920.104
2129.73	904.152
2131.23	884.2
2132.73	880.238
2134.23	880.286
2135.72	910.335
2137.22	854.373
2138.71	912.421
2140.21	866.469
2141.7	896.517
2143.2	886.555
2144.69	888.603
2146.18	882.652
2147.67	910.69
2149.16	906.738
2150.65	940.786
2152.14	864.834
2153.63	932.872
2155.12	894.92
2156.6	936.968
2158.09	881.007
2159.57	899.055
2161.05	897.103
2162.54	847.151
2164.02	891.189
2165.5	855.237
2166.98	907.285
2168.46	899.323
2169.94	919.372
2171.41	879.42
2172.89	905.458
2174.37	955.506
2175.84	909.554
2177.32	915.602
2178.79	879.64
2180.26	987.689
2181.74	979.737
2183.21	933.775
2184.67	965.823
2186.14	967.871
2187.61	945.919
2189.08	973.957
2190.55	912.005
2192.01	902.054
2193.48	938.092
2194.94	950.14
2196.41	910.188
2197.87	884.236
2199.33	900.274
2200.79	926.322
2202.25	900.37
2203.71	872.409
2205.17	926.457
2206.63	912.505
2208.08	830.543
2209.54	862.591
2211	828.639
2212.45	888.687
2213.9	856.726
2215.36	874.774
2216.81	836.822
2218.26	864.86
2219.71	868.908
2221.16	856.956
2222.61	875.004
2224.05	887.042
2225.5	839.091
2226.95	845.139
2228.39	909.177
2229.84	955.225
2231.28	855.273
2232.72	927.321
2234.16	885.359
2235.6	861.408
2237.05	881.456
2238.48	875.494
2239.92	879.542
2241.36	877.59
2242.8	875.628
2244.23	917.676
2245.67	907.724
2247.1	897.773
2248.54	897.811
2249.97	907.859
2251.4	897.907
2252.83	899.945
2254.26	911.993
2255.69	924.041
2257.12	912.09
2258.55	918.128
2259.97	862.176
2261.4	886.224
2262.82	870.262
2264.25	894.31
2265.67	888.358
2267.09	882.406
2268.52	914.445
2269.94	890.493
2271.36	880.541
2272.78	912.579
2274.2	838.627
2275.61	884.675
2277.03	842.713
2278.45	844.762
2279.86	874.81
2281.27	878.858
2282.69	908.896
2284.1	884.944
2285.51	856.992
2286.92	855.03
2288.33	849.078
2289.74	857.127
2291.15	855.175
2292.56	849.213
2293.97	871.261
2295.37	879.309
2296.78	841.347
2298.18	889.395
2299.58	793.444
2300.99	835.492
2302.39	877.53
2303.79	879.578
2305.19	811.626
2306.59	827.664
2307.99	897.712
2309.39	861.76
2310.78	831.799
2312.18	831.847
2313.57	829.895
2314.97	829.943
2316.36	911.981
2317.75	826.029
2319.15	846.077
2320.54	850.116
2321.93	850.164
2323.31	860.212
2324.7	816.26
2326.09	812.298
2327.48	842.346
2328.86	808.394
2330.25	800.432
2331.63	840.481
2333.02	850.529
2334.4	848.577
2335.78	848.615
2337.16	776.663
2338.54	828.711
2339.92	824.749
2341.3	834.798
2342.68	828.846
2344.05	838.894
2345.43	816.932
2346.81	804.98
2348.18	823.028
2349.55	839.066
2350.93	789.114
2352.3	831.163
2353.67	793.201
2355.04	789.249
2356.41	837.297
2357.78	815.345
2359.14	839.383
2360.51	811.431
2361.87	803.479
2363.24	803.518
2364.6	839.566
2365.97	791.614
2367.33	819.662
2368.69	765.7
2370.05	811.748
2371.41	841.796
2372.77	799.835
2374.13	853.883
2375.49	839.931
2376.84	793.979
2378.2	812.017
2379.55	818.065
2380.91	826.113
2382.26	818.151
2383.61	782.2
2384.97	788.248
2386.32	804.286
2387.67	852.334
2389.02	824.382
2390.37	834.43
2391.71	764.468
2393.06	792.517
2394.4	834.565
2395.75	808.603
2397.09	826.651
2398.44	838.699
2399.78	792.747
2401.12	832.785
2402.46	814.833
2403.8	822.882
2405.14	780.92
2406.48	792.968
2407.82	737.016
2409.15	807.064
2410.49	771.102
2411.82	821.15
2413.16	797.198
2414.49	811.237
2415.82	797.285
2417.15	779.333
2418.49	759.381
2419.81	785.419
2421.14	829.467
2422.47	803.515
2423.8	831.554
2425.13	819.602
2426.45	893.65
2427.78	831.688
2429.1	794.554
2430.42	844.937
2431.75	876.067
2433.07	834.657
2434.39	848.895
2435.71	859.673
2437.03	833.427
2438.35	802.184
2439.66	801.413
2440.98	803.128
2442.3	825.701
2443.61	861.779
2444.92	810.607
2446.24	835.354
2447.55	867.884
2448.86	834.555
2450.17	803.669
2451.48	812.96
2452.79	846.258
2454.1	789.425
2455.41	774.182
2456.71	829.449
2458.02	839.666
2459.32	840.222
2460.63	830.376
2461.93	801.427
2463.23	829.05
2464.53	825.614
2465.83	828.852
2467.14	798.55
2468.43	858.634
2469.73	837.275
2471.03	802.106
2472.33	835.83
2473.62	831.779
2474.92	823.744
2476.21	830.242
2477.5	826.733
2478.8	823.198
2480.09	825.479
2481.38	823.926
2482.67	827.126
2483.96	822.878
2485.25	813.944
2486.53	811.108
2487.82	827.116
2489.1	830.891
2490.39	803.256
2491.67	828.539
2492.96	810.787
2494.24	847.711
2495.52	863.202
2496.8	818.455
2498.08	826.713
2499.36	865.965
2500.64	876.56
2501.53	859.106
2502.95	807.102
2504.37	823.099
2505.79	897.085
2507.21	863.081
2508.63	857.077
2510.05	819.064
2511.46	809.06
2512.88	819.056
2514.3	849.042
2515.71	767.038
2517.13	829.035
2518.54	823.021
2519.95	851.017
2521.37	823.013
2522.78	893.009
2524.19	864.996
2525.6	872.992
2527.01	862.988
2528.41	860.974
2529.82	954.97
2531.23	874.967
2532.64	848.953
2534.04	858.949
2535.44	832.945
2536.85	802.931
2538.25	836.928
2539.66	788.924
2541.06	866.92
2542.46	896.906
2543.86	836.902
2545.26	844.899
2546.66	886.885
2548.06	876.881
2549.45	818.877
2550.85	818.863
2552.25	870.86
2553.64	866.856
2555.03	890.842
2556.43	856.838
2557.82	884.834
2559.22	862.831
2560.61	888.817
2562	830.813
2563.39	906.809
2564.78	950.795
2566.17	906.792
2567.55	960.788
2568.94	858.774
2570.33	912.77
2571.71	924.766
2573.1	932.753
2574.48	966.749
2575.86	944.745
2577.25	954.741
2578.63	976.727
2580.01	980.724
2581.39	990.72
2582.77	1036.71
2584.15	1062.7
2585.53	1036.7
2586.91	1060.69
2588.28	1062.68
2589.66	1058.68
2591.04	1100.66
2592.41	1132.66
2593.78	1054.66
2595.16	1080.65
2596.53	1108.64
2597.9	1112.63
2599.27	1106.63
2600.64	1054.62
2602.01	1068.61
2603.38	1102.61
2604.75	1064.59
2606.12	1144.59
2607.48	1118.59
2608.85	1068.57
2610.21	1084.57
2611.58	1082.57
2612.94	1130.56
2614.31	1110.55
2615.67	1136.55
2617.03	1118.54
2618.39	1106.53
2619.75	1116.52
2621.11	1114.52
2622.47	1080.51
2623.82	1098.5
2625.18	1096.5
2626.54	1098.48
2627.89	1080.48
2629.25	1056.48
2630.6	1066.47
2631.95	1070.46
2633.31	1122.46
2634.66	1166.45
2636.01	1116.44
2637.36	1106.43
2638.71	1050.43
2640.06	1054.42
2641.41	1102.41
2642.75	1096.9
2644.1	1139.41
2645.45	1101.9
2646.79	1112.39
2648.14	1196.89
2649.48	1195.38
2650.82	1243.87
2652.16	1182.37
2653.51	1254.86
2654.85	1177.36
2656.19	1217.86
2657.53	1246.35
2658.86	1186.84
2660.2	1171.34
2661.54	1185.83
2662.87	1198.32
2664.21	1184.82
2665.55	1189.32
2666.88	1127.81
2668.21	1180.31
2669.54	1178.8
2670.88	1181.29
2672.21	1187.79
2673.54	1232.28
2674.87	1228.78
2676.2	1237.27
2677.52	1243.77
2678.85	1176.26
2680.18	1230.75
2681.5	1241.25
2682.83	1257.74
2684.15	1270.23
2685.48	1254.73
2686.8	1293.23
2688.12	1207.72
2689.44	1304.22
2690.76	1328.71
2692.08	1329.2
2693.4	1349.7
2694.72	1416.19
2696.04	1416.69
2697.35	1423.19
2698.67	1521.68
2699.99	1488.17
2701.3	1570.67
2702.62	1633.16
2703.93	1621.65
2705.24	1646.15
2706.55	1750.64
2707.86	1795.14
2709.17	1777.64
2710.48	1920.13
2711.79	1862.62
2713.1	1993.12
2714.41	1999.61
2715.71	2124.1
2717.02	2124.61
2718.32	2183.1
2719.63	2201.59
2720.93	2294.09
2722.23	2250.58
2723.54	2307.07
2724.84	2347.56
2726.14	2320.06
2727.44	2352.56
2728.74	2311.05
2730.03	2285.55
2731.33	2234.04
2732.63	2162.53
2733.92	2165.03
2735.22	1985.52
2736.52	1896.01
2737.81	1868.52
2739.1	1791.01
2740.39	1741.5
2741.68	1704
2742.98	1706.49
2744.27	1598.98
2745.56	1643.48
2746.84	1623.98
2748.13	1564.47
2749.42	1552.97
2750.71	1563.46
2751.99	1551.95
2753.27	1518.45
2754.56	1538.94
2755.84	1531.43
2757.12	1543.94
2758.41	1452.43
2759.69	1462.92
2760.97	1457.42
2762.25	1449.91
2763.53	1446.4
2764.8	1398.9
2766.08	1435.39
2767.36	1437.89
2768.63	1418.38
2769.91	1436.88
2771.18	1447.37
2772.46	1465.86
2773.73	1414.36
2775	1462.85
2776.27	1471.34
2777.54	1451.85
2778.81	1422.34
2780.08	1438.83
2781.35	1449.33
2782.62	1479.82
2783.89	1474.31
2785.15	1504.81
2786.42	1481.31
2787.68	1487.8
2788.94	1554.3
2790.21	1478.79
2791.47	1551.28
2792.73	1529.78
2793.99	1578.27
2795.25	1566.76
2796.51	1563.26
2797.77	1565.76
2799.03	1588.25
2800.29	1564.75
2801.54	1671.24
2802.8	1611.73
2804.05	1672.23
2805.31	1624.72
2806.56	1705.22
2807.81	1757.72
2809.06	1768.21
2810.31	1800.7
2811.57	1817.2
2812.82	1881.69
2814.06	1946.18
2815.31	1954.67
2816.56	1969.17
2817.81	2107.67
2819.05	2150.16
2820.3	2176.66
2821.54	2245.15
2822.78	2351.64
2824.03	2422.14
2825.27	2450.63
2826.51	2655.13
2827.75	2753.63
2828.99	2926.12
2830.23	3192.61
2831.47	3481.11
2832.71	3677.6
2833.94	4182.09
2835.18	4730.6
2836.41	5459.09
2837.65	6409.58
2838.88	7716.08
2840.12	9236.56
2841.35	10995.1
2842.58	13101.6
2843.81	14826.1
2845.04	15988.6
2846.27	16315.1
2847.5	15905.6
2848.73	15410.1
2849.95	14508.6
2851.18	13625
2852.4	12943.5
2853.63	12614
2854.85	12270.5
2856.08	12111
2857.3	11909.5
2858.52	11788
2859.74	11928.5
2860.96	12023
2862.18	12003.5
2863.4	11914
2864.62	11600.5
2865.84	11795
2867.05	11581.5
2868.27	11798
2869.48	11984.4
2870.7	12414.9
2871.91	13025.4
2873.12	13503.9
2874.33	14386.4
2875.55	15324.9
2876.76	16541.4
2877.97	17885.9
2879.18	19392.4
2880.38	20340.9
2881.59	20791.4
2882.8	20327.9
2884	19248.4
2885.21	17614.9
2886.41	16213.4
2887.62	15069.8
2888.82	14240.3
2890.02	13470.8
2891.22	13007.3
2892.42	12719.8
2893.62	12372.3
2894.82	12060.8
2896.02	11793.3
2897.22	11775.8
2898.42	11610.3
2899.61	11382.8
2900.81	11437.3
2902	11275.8
2903.2	11172.3
2904.39	10942.8
2905.58	10839.2
2906.77	10705.7
2907.96	10492.2
2909.15	10368.7
2910.34	10263.2
2911.53	9981.74
2912.72	9952.24
2913.91	9952.74
2915.09	9867.24
2916.28	9729.74
2917.46	9698.24
2918.65	9708.74
2919.83	9499.24
2921.01	9453.75
2922.2	9460.25
2923.38	9396.65
2924.56	9431.15
2925.74	9411.65
2926.91	9464.15
2928.09	9402.65
2929.27	9519.15
2930.45	9433.66
2931.62	9680.16
2932.8	9512.66
2933.97	9547.16
2935.15	9547.66
2936.32	9440.16
2937.49	9376.66
2938.66	9175.16
2939.83	8949.62
2941	8646.11
2942.17	8344.6
2943.34	7927.1
2944.51	7649.59
2945.67	7162.08
2946.84	6828.58
2948	6687.08
2949.17	6525.57
2950.33	6386.07
2951.49	6184.56
2952.66	6143.05
2953.82	6245.55
2954.98	6410.04
2956.14	6366.53
2957.3	6483.04
2958.46	6533.53
2959.61	6592.02
2960.77	6552.52
2961.93	6405.01
2963.08	6267.5
2964.24	6210
2965.39	6134.49
2966.54	5932.98
2967.7	5905.49
2968.85	5591.98
2970	5406.47
2971.15	5294.97
2972.3	5055.46
2973.45	4875.95
2974.59	4632.45
2975.74	4446.95
2976.89	4341.44
2978.03	4221.94
2979.18	4076.43
2980.32	3900.92
2981.46	3767.41
2982.61	3739.91
2983.75	3490.4
2984.89	3418.9
2986.03	3325.4
2987.17	3221.89
2988.31	3070.38
2989.44	3064.88
2990.58	3055.37
2991.72	2931.86
2992.85	2896.36
2993.99	2850.86
2995.12	2815.35
2996.26	2719.85
2997.39	2682.34
2998.52	2698.83
2999.65	2637.33
3000.78	2567.82
3001.91	2592.31
3003.04	2384.82
3004.17	2417.31
3005.3	2398.52
3006.42	2303.15
3007.55	2281.77
3008.68	2312.15
3009.8	2300.19
3010.92	2258.04
3012.04	2182.22
3013.17	2175.23
3014.29	2142.59
3015.41	2112.97
3016.53	2073.77
3017.65	2037.92
3018.77	2051.6
3019.88	2008.94
3021	1869.75
3022.12	1932.14
3023.23	1918.76
3024.35	1926.66
3025.46	1875.67
3026.57	1819.28
3027.69	1847.68
3028.8	1800.02
3029.91	1760.29
3031.02	1799.71
3032.13	1780.75
3033.23	1752.85
3034.34	1753.82
3035.45	1759.77
3036.55	1745.71
3037.66	1703.51
3038.77	1724.17
3039.87	1704.12
3040.97	1712.99
3042.07	1699.81
3043.18	1663.92
3044.28	1662.09
3045.38	1670.7
3046.48	1628.94
3047.58	1645.86
3048.67	1651.56
3049.77	1640.61
3050.87	1634.04
3051.96	1608.48
3053.06	1583.29
3054.15	1610.64
3055.24	1586.27
3056.34	1544.69
3057.43	1556.7
3058.52	1566.3
3059.61	1531.55
3060.7	1498.34
3061.79	1486.1
3062.87	1533.51
3063.96	1534.69
3065.05	1475.03
3066.13	1426.39
3067.22	1423.92
3067.8	1435.9
3069.03	1416.04
3070.26	1376.19
3071.49	1358.33
3072.71	1338.47
3073.94	1346.61
3075.16	1280.76
3076.39	1290.9
3077.61	1205.04
3078.84	1245.18
3080.06	1305.34
3081.28	1253.48
3082.5	1245.62
3083.73	1273.76
3084.94	1249.91
3086.16	1210.05
3087.38	1266.19
3088.6	1218.33
3089.82	1114.48
3091.04	1194.62
3092.25	1134.76
3093.47	1180.9
3094.68	1135.04
3095.9	1123.2
3097.11	1157.34
3098.32	1081.48
3099.54	1107.63
3100.75	1121.77
3101.96	1119.91
3103.17	1030.05
3104.37	1082.19
3105.58	1068.34
3106.79	1028.48
3108	1084.62
3109.21	1050.76
3110.41	978.92
3111.62	1027.06
3112.82	1063.2
3114.03	1043.34
3115.23	985.49
3116.43	1063.63
3117.64	1017.77
3118.84	1035.91
3120.04	1012.06
3121.24	974.2
3122.44	936.34
3123.64	1022.48
3124.83	994.625
3126.03	968.78
3127.23	956.92
3128.43	979.062
3129.62	977.2
3130.81	979.35
3132.01	1001.49
3133.2	963.63
3134.39	891.77
3135.59	971.917
3136.78	960.06
3137.97	950.2
3139.16	936.34
3140.35	908.49
3141.54	958.639
3142.72	930.78
3143.91	946.92
3145.1	909.07
3146.28	941.209
3147.47	853.35
3148.66	927.49
3149.84	873.64
3151.02	921.78
3152.21	909.92
3153.39	976.06
3154.57	924.205
3155.75	914.358
3156.93	922.5
3158.11	944.64
3159.29	850.79
3160.47	880.93
3161.64	907.07
3162.82	863.212
3163.99	867.35
3165.17	791.5
3166.34	805.64
3167.52	833.78
3168.69	817.92
3169.86	854.07
3171.04	860.22
3172.21	810.36
3173.38	768.5
3174.55	838.65
3175.72	780.79
3176.89	734.93
3178.05	745.07
3179.22	707.22
3180.39	731.36
3181.55	797.5
3182.72	705.64
3183.88	773.79
3185.05	737.93
3186.21	766.08
3187.37	720.22
3188.53	738.37
3189.69	768.51
3190.86	740.65
3192.01	730.79
3193.17	778.93
3194.33	695.08
3195.49	695.22
3196.65	725.36
3197.8	699.5
3198.96	689.65
3200.11	617.8
3201.27	667.94
3202.42	686.08
3203.58	672.23
3204.73	672.37
3205.88	640.51
3207.03	702.65
3208.18	584.8
3209.33	706.94
3210.48	641.08
3211.63	607.22
3212.77	683.37
3213.92	621.51
3215.07	641.66
3216.21	631.8
3217.36	639.95
3218.5	628.09
3219.65	626.23
3220.79	700.37
3221.93	616.52
3223.07	632.66
3224.21	610.8
3225.35	586.94
3226.49	639.08
3227.63	581.23
3228.77	621.37
3229.91	613.52
3231.04	569.66
3232.18	625.81
3233.32	597.95
3234.45	602.09
3235.58	580.23
3236.72	534.38
3237.85	574.52
3238.98	552.66
3240.11	588.8
3241.24	568.95
3242.37	621.09
3243.5	581.24
3244.63	535.38
3245.76	535.53
3246.89	529.67
3248.01	535.81
3249.14	537.95
3250.27	506.1
3251.39	528.24
3252.51	540.38
3253.64	508.52
3254.76	512.66
3255.88	460.81
3257	480.95
3258.12	543.1
3259.24	469.24
3260.36	509.39
3261.48	507.53
3262.6	479.67
3263.71	513.81
3264.83	465.96
3265.94	520.1
3267.06	510.24
3268.17	466.38
3269.29	524.53
3270.4	480.67
3271.51	510.82
3272.63	510.96
3273.74	559.11
3274.85	465.25
3275.95	427.39
3277.06	507.53
3278.17	487.68
3279.28	485.82
3280.39	467.96
3281.49	466.1
3282.6	496.25
3283.7	466.39
3284.81	518.53
3285.91	488.68
3287.01	454.82
3288.11	480.97
3289.22	491.11
3290.32	465.25
3291.42	435.39
3292.52	505.54
3293.61	523.68
3294.71	439.82
3295.81	425.96
3296.91	452.11
3298	456.25
3299.1	454.39
3300.19	442.54
3301.29	438.69
3302.38	436.83
3303.47	458.97
3304.56	421.11
3305.65	481.26
3306.74	437.4
3307.83	429.54
3308.92	451.68
3310.01	443.83
3311.1	429.97
3312.19	398.11
3313.27	436.26
3314.36	412.4
3315.44	466.55
3316.53	380.69
3317.61	484.83
3318.69	494.97
3319.77	407.12
3320.86	509.26
3321.94	427.4
3323.02	511.54
3324.1	471.69
3325.18	411.83
3326.25	477.97
3327.33	454.12
3328.41	488.27
3329.48	520.41
3330.56	402.55
3331.63	480.69
3332.71	438.84
3333.78	432.98
3334.85	521.12
3335.93	455.26
3336.99	425.41
3338.07	465.55
3339.14	423.69
3340.21	433.83
3341.27	413.99
3342.34	502.13
3343.41	434.27
3344.47	476.41
3345.54	446.55
3346.61	506.7
3347.67	440.84
3348.73	448.98
3349.8	471.12
3350.86	485.27
3351.92	429.41
3352.98	487.55
3354.04	515.7
3355.1	465.85
3356.16	519.99
3357.22	452.13
3358.27	506.27
3359.33	448.42
3360.39	460.56
3361.44	484.7
3362.5	470.84
3363.55	420.99
3364.61	461.13
3365.66	463.27
3366.71	469.41
3367.76	417.57
3368.81	499.71
3369.86	491.85
3370.91	455.99
3371.96	500.13
3373.01	436.28
3374.05	500.42
3375.1	482.56
3376.14	478.7
3377.19	484.85
3378.24	462.99
3379.28	459.13
3380.32	433.27
3381.36	533.43
3382.41	459.57
3383.45	479.71
3384.49	445.85
3385.53	484
3386.57	512.14
3387.6	466.28
3388.64	516.42
3389.68	524.57
3390.71	502.71
3391.75	470.85
3392.78	468.99
3393.82	429.15
3394.85	505.29
3395.88	477.43
3396.92	531.57
3397.95	529.72
3398.98	513.86
