402.424	25791.4
404.233	25380.4
406.042	24807.8
407.849	24442.7
409.658	24200.8
411.466	23832.6
413.271	23589.3
415.079	23552.4
416.883	23442.6
418.69	23650.7
420.494	23408.9
422.3	23441.8
424.104	23550.8
425.907	23519.8
427.71	23734.7
429.512	23610.6
431.314	23533.1
433.116	23623.3
434.917	23875
436.718	23705.2
438.519	23799.2
440.319	23814
442.119	23767.9
443.917	23939.7
445.716	24364.3
447.515	25106.8
449.311	25911.7
451.11	26348.6
452.905	26336.3
454.703	26054.1
456.498	25285.5
458.293	24476.8
460.087	24502.8
461.883	24185
463.677	24260.1
465.47	24013
467.263	24286.9
469.056	24184.1
470.848	24483.2
472.64	24410.2
474.429	24465.2
476.221	24599.1
478.011	24503.9
479.8	24626.9
481.59	24544.5
483.38	25016.3
485.167	24887
486.954	25270.5
488.743	25416.9
490.53	25865.7
492.316	26484.2
494.103	26722.6
495.889	27372.8
497.674	27194.8
499.458	27116
501.243	26950.9
503.027	26906
504.81	26607.3
506.591	26578.8
508.374	26471.7
510.157	26236
511.939	25730.4
513.719	25459.3
515.5	25469.5
517.279	25200.4
519.06	25459.9
520.839	25030.8
522.617	25403.6
524.397	25451.2
526.174	25564.5
527.951	25452.4
529.728	25584.7
531.504	25497.3
533.28	25641.3
535.056	25778.2
536.831	25697.8
538.606	25824.5
540.379	25919.1
542.153	26236.8
543.927	25996.6
545.698	26306.3
547.472	26276.1
549.243	26356.2
551.015	26443.4
552.785	26468.4
554.557	26750.1
556.327	26533
558.096	26540.3
559.865	26694.3
561.633	26588.3
563.401	26921.1
565.169	26979.2
566.936	27219.5
568.703	27355
570.47	27059.1
572.237	27280
574.001	27783.5
575.766	27886.2
577.532	27991.8
579.295	28688.1
581.06	28680.8
582.822	29303.8
584.584	29614.9
586.348	30382.9
588.109	31401.1
589.87	32532.5
591.63	35267.9
593.391	37003.4
595.151	37591.3
596.91	36950.3
598.67	34221
600.429	31115.4
602.187	29121.5
603.943	28340.4
605.701	27868.8
607.459	27323.7
609.214	27311.1
610.971	27425.7
612.725	27424.6
614.482	27121.5
616.235	26847.1
617.989	26984.8
619.742	26927
621.495	27114.5
623.25	26990.8
625.002	27123.2
626.754	27360.2
628.503	27285.1
630.254	27308.9
632.005	27556.3
633.755	27838.9
635.506	28149.5
637.253	28893.2
639.003	30418.8
640.75	31778
642.499	32347.5
644.245	31946.1
645.991	30725
647.739	29059
649.484	28217.3
651.23	27748.8
652.974	27764.7
654.719	27803.6
656.463	27400.5
658.207	27517.4
659.95	27662
661.693	27646
663.434	27672.3
665.176	27621
666.918	27618
668.658	27546.4
670.4	27510
672.139	27638.7
673.877	27610.7
675.618	27491.7
677.356	27614.4
679.094	27508.5
680.831	27708.9
682.568	27679.7
684.305	27737.3
686.041	27494.4
687.777	27668.4
689.513	27628.8
691.248	27563.6
692.982	27558.4
694.716	27423.5
696.451	27802.7
698.183	27597.6
699.917	27620
701.648	27841
703.379	27821.3
705.112	27773.5
706.842	27842.3
708.572	27883.1
710.302	27734.4
712.031	27925.3
713.761	28162.1
715.489	28153.5
717.218	28266.4
718.946	28758.4
720.674	29808
722.399	30565.5
724.126	31016
725.851	30598.2
727.577	30023.5
729.302	29219.2
731.027	28653.9
732.751	28459.3
734.474	28373.2
736.197	28553.3
737.919	28405.7
739.643	28479.2
741.365	28254.9
743.085	28571.4
744.806	28569.1
746.527	28597.5
748.247	28500.2
749.968	28609.3
751.685	29205.1
753.405	29617.6
755.122	30232.8
756.841	31397.2
758.558	33646.9
760.274	37511.5
761.992	45254.7
763.707	54858.9
765.423	59427.6
767.138	59433.4
768.852	54921.9
770.566	44818.8
772.28	36341.2
773.994	32722
775.705	31744.6
777.418	31677.5
779.131	32348.5
780.841	33139.4
782.553	34001.8
784.263	34530.8
785.972	34177.6
787.683	33734
789.392	32499.1
791.101	31643.5
792.809	30704.6
794.516	30426.7
796.224	30264.8
797.931	29929.4
799.638	29878.4
801.344	29724.7
803.05	29591.8
804.754	29647.5
806.46	29532
808.163	29543.4
809.868	29561.3
811.57	29681.4
813.274	29579.9
814.976	29662.9
816.678	29658
818.379	29678.1
820.08	29604.9
821.781	29731.7
823.481	29951.1
825.181	30384.5
826.88	31259.3
828.58	31574.9
830.279	31833.6
831.976	32016.4
833.674	31633.6
835.37	31545.1
837.068	32303.1
838.763	34140.8
840.458	35519.1
842.155	36263.2
843.849	35548
845.544	34093.1
847.237	32254.5
848.931	30905.1
850.624	30562.7
852.317	30403.4
854.01	30490.5
855.7	30502.8
857.392	30569.7
859.083	30932.2
860.773	31073.7
862.464	30958
864.152	30759.2
865.841	30358.4
867.531	30254.6
869.218	30311.7
870.906	30115.4
872.593	30224.4
874.28	30224.1
875.966	30064.7
877.652	30130.3
879.338	30218.9
881.021	30521.1
882.707	30183.6
884.392	29830.1
886.074	30218
887.758	30254.8
889.44	30414
891.122	30332.9
892.805	30462.9
894.486	30469.7
896.167	30551
897.847	30505.3
899.527	30721.4
901.207	30709.5
902.887	30815.1
904.566	31043.8
906.242	30927.8
907.921	31151.4
909.599	31092.1
911.275	31053.1
912.953	31132.5
914.628	31059.2
916.303	31157.4
917.979	31143.8
919.654	31403.4
921.328	31708.9
923.002	32665.4
924.675	33389.9
926.348	33911.9
928.021	34314.3
929.693	33813.2
931.363	33207
933.035	32284.6
934.707	31818.4
936.376	31671.3
938.047	31681.1
939.716	31711.4
941.384	31709.8
943.052	31919.6
944.721	32531.4
946.389	33312.3
948.056	34479.9
949.723	34569.8
951.389	34510.9
953.055	33470.5
954.719	32514
956.385	32091.1
958.05	32110.9
959.713	32125.5
961.377	31822.2
963.04	31847.1
964.702	32048.1
966.365	32054.5
968.027	32682.7
969.688	32771
971.349	32797.5
973.009	33459.4
974.669	33474.1
976.329	33981.4
977.989	34182
979.648	33837.2
981.305	33449.6
982.964	33095.6
984.62	33021.2
986.278	33797.2
987.934	34488.9
989.591	35316
991.246	36076.2
992.901	36159.1
994.556	35729.4
996.21	34888
997.864	33792.9
999.517	33583
1001.17	32821.1
1002.82	32702.5
1004.47	32462.1
1006.13	32499.6
1007.78	32675.8
1009.43	32460.5
1011.08	32467.8
1012.73	32484.7
1014.38	32199
1016.03	32371.6
1017.68	32389.5
1019.32	32083.4
1020.97	32192
1022.62	32448.3
1024.27	32479.1
1025.91	32476.4
1027.56	32349.3
1029.2	32610.8
1030.85	32666.2
1032.49	32767.8
1034.14	32887.4
1035.78	32972.9
1037.42	33323.5
1039.07	33535.1
1040.71	33800.4
1042.35	34273.5
1043.99	34942.7
1045.63	35960
1047.27	37130.4
1048.91	38566.2
1050.55	38950.1
1052.19	39303.2
1053.83	38733.8
1055.47	37762.3
1057.11	36340.3
1058.75	35486.5
1060.38	34626.9
1062.02	34380.6
1063.66	34371.3
1065.29	33891.4
1066.93	33536.3
1068.56	33678.2
1070.2	33677.4
1071.83	33799.2
1073.46	33727.8
1075.1	33569.4
1076.73	33803.8
1078.36	33713.1
1079.99	33732.5
1081.63	33720.3
1083.26	33557.3
1084.89	33634.2
1086.52	33610.9
1088.15	33846.7
1089.77	33944.6
1091.4	33853.8
1093.03	34126.2
1094.66	34066.1
1096.29	34118.7
1097.91	34331.4
1099.54	34551
1101.17	34850.3
1102.79	34497.9
1104.42	34495.6
1106.04	34690.9
1107.67	34389.2
1109.29	34220.8
1110.91	33892.1
1112.54	34137.8
1114.16	34099.2
1115.78	34234.1
1117.4	34210.2
1119.02	34135.3
1120.65	34284.1
1122.27	34336.9
1123.89	34194.1
1125.51	34311.3
1127.12	34486.8
1128.74	34339.1
1130.36	34169.5
1131.98	33996.3
1133.6	33793.6
1135.21	33916.8
1136.83	33977.5
1138.45	33921.2
1140.06	34051.3
1141.68	34244.8
1143.29	34273.6
1144.9	34456.7
1146.52	34235.9
1148.13	34781.6
1149.74	34907.6
1151.36	35473.7
1152.97	36096.8
1154.58	36016.1
1156.19	36354.1
1157.8	36683.6
1159.41	36790.6
1161.02	37201.6
1162.63	37082.4
1164.24	36851.4
1165.85	36280.3
1167.46	35716.7
1169.07	35172.1
1170.68	35328.8
1172.28	35033.4
1173.89	35417.5
1175.49	35052.4
1177.1	35202.1
1178.7	35348.7
1180.31	35413.7
1181.91	35222
1183.52	35074.4
1185.12	35041.4
1186.72	34797.2
1188.32	34776.7
1189.93	34587.3
1191.53	34732
1193.13	34720.2
1194.73	34994.3
1196.33	35703.4
1197.93	36104.6
1199.53	36291.6
1201.13	36091.5
1202.73	36011.8
1204.33	35792.9
1205.92	35540.9
1207.52	35231.5
1209.12	35084.1
1210.71	34749
1212.31	34748.7
1213.91	34769
1215.5	34767.4
1217.1	34682.9
1218.69	34693.8
1220.28	34574
1221.88	34664.9
1223.47	34827.2
1225.06	34682.2
1226.65	34981.7
1228.25	34937.1
1229.84	35241.5
1231.43	34853.5
1233.02	35203.2
1234.61	35183.1
1236.2	35239.4
1237.79	35079.9
1239.38	35676.5
1240.96	35898.4
1242.55	35909.2
1244.14	36641.9
1245.73	37221.3
1247.31	37648.6
1248.9	38019.6
1250.48	37976.5
1252.07	37846.4
1253.65	37339.7
1255.24	37043
1256.82	36710.9
1258.4	36640.5
1259.99	36474.9
1261.57	36412.7
1263.15	36384.2
1264.73	36399.5
1266.31	36770.1
1267.9	36719
1269.48	36938.2
1271.06	36887.4
1272.64	36871.3
1274.21	36783.9
1275.79	36848.2
1277.37	37006.5
1278.95	36934.6
1280.53	37142.1
1282.1	37239
1283.68	37391.1
1285.26	37591.9
1286.83	37758.4
1288.41	37906.4
1289.98	38506
1291.56	39203.8
1293.13	40586
1294.7	42743.4
1296.27	45215.8
1297.85	46758.1
1299.42	47192.6
1300.99	46505.6
1302.56	44128.1
1304.13	42196.7
1305.7	40713.6
1307.27	40048.2
1308.84	39986.2
1310.41	40261.4
1311.98	40195.9
1313.55	40194.4
1315.12	40459.2
1316.69	40202
1318.25	39862.7
1319.82	39461.6
1321.39	38789.8
1322.95	38077.5
1324.52	37466.5
1326.08	37111.7
1327.64	36965.8
1329.21	37119.3
1330.77	37167.2
1332.33	37323.3
1333.9	37325.5
1335.46	37917.4
1337.02	38108.4
1338.58	38177.2
1340.14	38128.3
1341.7	38057.4
1343.26	37673.2
1344.82	37300
1346.38	37176.4
1347.94	37316.5
1349.5	37258.3
1351.06	37493.6
1352.62	38141.5
1354.17	38761.8
1355.73	39059.8
1357.29	39586.7
1358.84	39552.8
1360.4	39490.3
1361.95	39054.4
1363.51	38845.4
1365.06	38325.9
1366.61	38524.1
1368.17	38515.2
1369.72	38884.2
1371.27	39164.3
1372.83	39861.2
1374.38	40176
1375.93	41043.1
1377.48	41435.6
1379.03	41545.7
1380.58	41683.6
1382.13	41586.1
1383.68	41865.2
1385.22	41861.2
1386.77	42471.9
1388.32	43237
1389.87	44091.5
1391.41	44746.4
1392.96	45049.1
1394.51	44392.3
1396.05	43505.8
1397.6	42166.6
1399.14	40835.9
1400.69	39943.6
1402.23	39476.4
1403.77	38807.9
1405.32	38303
1406.86	37966.9
1408.4	37779.1
1409.94	37359.6
1411.48	37344.6
1413.02	37066.4
1414.56	37054.5
1416.1	36804.4
1417.64	37039.5
1419.18	37125.3
1420.72	36861.1
1422.26	37019.5
1423.8	36756.8
1425.33	36767.5
1426.87	36935.2
1428.41	36835.5
1429.95	36828.7
1431.48	36789
1433.02	36871.9
1434.55	37188.1
1436.09	37071.2
1437.62	37357.7
1439.15	37196.9
1440.69	37472.5
1442.22	37755.6
1443.75	37959.5
1445.28	38415.2
1446.82	38387.6
1448.35	38775
1449.88	38609.8
1451.41	38678.3
1452.94	38694.4
1454.46	38839.1
1455.99	38691.2
1457.52	38736.5
1459.05	38981
1460.58	39680.6
1462.11	39648.9
1463.63	39774.5
1465.16	39403.6
1466.68	38755.6
1468.21	38213.1
1469.73	37731.1
1471.26	37286.6
1472.78	37358.1
1474.31	37280.7
1475.83	37414.1
1477.35	37187.9
1478.88	37315.3
1480.4	37349.7
1481.92	37213.4
1483.44	37452.2
1484.96	37309.2
1486.48	37460.9
1488	37604.2
1489.52	37643.3
1491.04	37427.2
1492.56	37519.6
1494.08	37787.2
1495.6	37549.1
1497.11	37397.6
1498.63	37365.3
1500.15	37701.4
1501.66	37789.1
1503.18	37724.1
1504.69	37877.7
1506.21	37927.5
1507.72	37927.3
1509.24	38137
1510.75	38389.4
1512.26	37999.1
1513.78	38383.9
1515.29	38219.9
1516.8	38061.1
1518.31	38350.6
1519.82	38203.2
1521.33	38136.2
1522.84	38030.1
1524.36	37959.1
1525.86	37903.3
1527.37	38469.8
1528.88	37896.3
1530.39	38128.1
1531.9	38142.3
1533.41	38374.9
1534.91	37999.3
1536.42	37959.4
1537.92	38080.2
1539.43	38056.9
1540.93	37962.8
1542.44	37979.2
1543.94	37914.5
1545.45	38006.1
1546.95	38030.5
1548.45	37876.4
1549.96	37883.5
1551.46	38034.1
1552.96	37921.4
1554.46	37857.9
1555.96	37876.9
1557.46	37780.4
1558.96	38050.5
1560.46	37961.9
1561.96	37934.2
1563.46	37900.6
1564.96	38054.6
1566.46	37816.8
1567.96	38297.4
1569.45	38145.1
1570.95	38208
1572.45	38362.5
1573.94	38456.7
1575.44	38528.8
1576.93	38521.2
1578.43	38671.6
1579.92	38947.3
1581.41	39072.8
1582.91	39126.2
1584.4	39375.8
1585.89	39884.1
1587.39	40118.9
1588.88	40353.8
1590.37	40576
1591.86	41305.4
1593.35	42130.6
1594.84	42798.1
1596.33	44248.8
1597.82	45994.7
1599.31	48609.8
1600.8	50803.8
1602.28	52488.3
1603.77	53346.5
1605.26	52778.1
1606.75	50904.5
1608.23	49219
1609.72	47315.7
1611.2	46189.3
1612.69	45296.8
1614.17	44878.6
1615.66	44558.5
1617.14	44159.7
1618.62	43765.2
1620.11	43621.1
1621.59	42699
1623.07	41745.3
1624.55	41194.5
1626.03	40568.2
1627.51	40385.9
1629	40229.5
1630.47	40090.4
1631.95	39963.9
1633.43	39942.5
1634.91	39721.6
1636.39	39657.8
1637.87	39502.6
1639.34	39259.3
1640.82	39378.4
1642.3	39369.8
1643.78	39170.5
1645.25	39246.6
1646.73	39210.2
1648.2	39345.3
1649.68	39400.6
1651.15	39515.3
1652.62	39405.6
1654.1	39039.3
1655.57	39404.3
1657.04	39116.8
1658.52	39464.2
1659.99	39195.8
1661.46	39043.4
1662.93	39190.9
1664.4	39529.6
1665.87	39335.9
1667.34	39253.3
1668.81	39156
1670.28	39317.1
1671.74	39221.6
1673.21	39111
1674.68	39229.1
1676.15	39154.3
1677.61	39336.5
1679.08	39108.5
1680.55	39367.3
1682.01	39159.7
1683.48	39111.1
1684.94	39080.2
1686.4	38957.9
1687.87	39315.4
1689.33	39597.5
1690.79	39203.2
1692.26	39401.8
1693.72	39382
1695.18	39384.7
1696.64	39345.2
1698.1	39184.3
1699.56	39406.6
1701.02	39633.8
1702.48	39521.8
1703.94	39422.5
1705.4	39636.1
1706.86	39748.6
1708.32	39551.2
1709.77	39677.2
1711.23	39694.2
1712.69	39908.6
1714.14	39825.4
1715.6	39357.6
1717.06	39628.6
1718.51	39748.4
1719.97	39566.8
1721.42	39865.7
1722.87	39784.4
1724.33	39732.8
1725.78	40184.1
1727.23	39999.3
1728.68	40128.5
1730.13	39898.5
1731.59	40092.3
1733.04	40031.1
1734.49	39867.9
1735.94	39886.3
1737.39	39910.9
1738.84	39827.6
1740.28	40045.5
1741.73	39805.9
1743.18	39976.5
1744.63	39725.6
1746.08	39810.3
1747.52	39857.9
1748.97	40050.6
1750.41	39937.5
1751.86	39840.7
1753.31	40033.4
1754.75	40336
1756.19	40158.7
1757.64	39872.8
1759.08	39955.4
1760.52	39936.3
1761.97	39970.4
1763.41	39702.9
1764.85	39868.7
1766.29	40016.8
1767.73	40176.5
1769.17	39990.2
1770.61	39834.6
1772.05	39739.1
1773.49	39994.6
1774.93	39916
1776.37	39900.1
1777.81	39864.9
1779.25	39910
1780.68	39791.1
1782.12	39929.2
1783.56	40122.9
1784.99	39833.3
1786.43	40127.5
1787.86	40006.8
1789.3	39953.7
1790.73	40097.9
1792.17	39818.7
1793.6	40110.6
1795.03	40237.9
1796.47	40204.4
1797.9	40087.3
1799.33	40072.7
1800.76	40186.5
1802.19	40200.2
1803.62	39990.6
1805.05	40227.4
1806.48	40131
1807.91	40007.3
1809.34	40281.6
1810.77	40205.8
1812.2	40314.9
1813.63	40229.4
1815.05	40342.4
1816.48	40417.5
1817.91	40523.8
1819.33	40783.1
1820.76	40535.2
1822.18	40842.9
1823.61	40393.4
1825.03	40632
1826.46	40770.9
1827.88	40635.6
1829.3	40603.8
1830.73	40447.8
1832.15	40809.6
1833.57	40794.9
1834.99	40743.6
1836.42	40507.4
1837.84	40943.8
1839.26	40749
1840.68	40611.2
1842.09	40675.8
1843.51	40645.9
1844.93	40733.8
1846.35	41126
1847.77	40836.1
1849.19	41044.9
1850.6	40744.3
1852.02	40954.4
1853.44	40753.2
1854.85	40984.9
1856.27	40833.1
1857.68	40693.8
1859.1	40976.9
1860.51	41104.4
1861.93	40950.6
1863.34	40902.8
1864.75	40881.8
1866.17	40889.5
1867.58	40855.1
1868.99	40866.1
1870.4	40895.8
1871.81	41103.3
1873.22	41145.3
1874.63	40825.3
1876.04	40930.2
1877.45	41052.8
1878.86	40973.8
1880.27	40866.8
1881.68	40723.7
1883.08	40974.2
1884.49	40799.7
1885.9	40720.6
1887.31	40766.1
1888.71	40749.5
1890.12	40968.9
1891.52	40747
1892.93	40903.2
1894.33	40972.6
1895.74	41032.4
1897.14	40965.6
1898.54	41001.3
1899.95	41080.7
1901.35	41011
1902.75	40810
1904.15	40732
1905.55	40949
1906.95	40835.7
1908.35	41011.8
1909.75	40828.7
1911.15	41009.8
1912.55	40927.8
1913.95	41118.5
1915.35	40974
1916.75	41008.4
1918.15	41054.8
1919.54	41065.4
1920.94	41028.2
1922.34	41120.9
1923.73	41148.3
1925.13	41056.9
1926.52	41225.3
1927.92	41172.1
1929.31	41219.5
1930.71	41287
1932.1	41337.5
1933.49	41256.1
1934.89	41314
1936.28	41289.9
1937.67	41360.4
1939.06	41413.3
1940.45	41420.1
1941.84	41357
1943.23	41399.7
1944.62	41378.2
1946.01	41376.3
1947.4	41514.9
1948.79	41591.3
1950.18	41515.4
1951.57	41542.9
1952.95	41656.7
1954.34	41572.7
1955.73	41357.8
1957.11	41440.5
1958.5	41566.2
1959.89	41650.2
1961.27	41698.8
1962.66	41808.3
1964.04	41801.1
1965.42	41697.5
1966.81	41624.5
1968.19	41672
1969.57	41730.5
1970.95	41564
1972.34	41638.9
1973.72	41497.5
1975.1	41606.4
1976.48	41654.3
1977.86	41486.4
1979.24	41621.8
1980.62	41577.7
1982	41643.3
1983.38	41559
1984.75	41374.7
1986.13	41324.6
1987.51	41450.4
1988.89	41497.6
1990.26	41501.1
1991.64	41445
1993.02	41299.4
1994.39	41302.1
1995.77	41485.6
1996.41	41588.4
1997.84	41078.6
1999.27	41346.8
2000.7	41256.2
2002.14	41686.7
2003.57	41232.2
2005	41534.7
2006.43	41500.5
2007.86	41290.5
2009.29	41605.9
2010.72	41440.6
2012.14	41371.9
2013.57	41413.5
2015	41543.8
2016.43	41135.6
2017.86	41404.1
2019.28	41144.5
2020.71	41183.8
2022.13	41161.6
2023.56	41234.4
2024.99	41250.1
2026.41	41280
2027.84	41435.6
2029.26	41291.9
2030.68	40988
2032.11	41005.8
2033.53	41382.1
2034.95	40842
2036.38	41166.8
2037.8	41067
2039.22	41258.8
2040.64	41481.7
2042.06	41347.1
2043.49	41408.7
2044.91	41357.8
2046.33	41556.7
2047.75	41139.8
2049.16	41612.1
2050.58	41264.5
2052	41170.6
2053.42	41431.5
2054.84	41322.1
2056.26	41400.9
2057.67	41434
2059.09	41547.9
2060.51	41497.2
2061.92	41375.8
2063.34	41574.6
2064.76	41638.7
2066.17	41550.4
2067.59	41868.2
2069	41647.2
2070.42	41907.1
2071.83	41761.9
2073.24	41578
2074.66	41747.7
2076.07	41655.2
2077.48	41699.8
2078.89	41733.8
2080.3	41591.5
2081.72	41858.6
2083.13	41990.5
2084.54	42126.8
2085.95	41748.3
2087.36	41695.1
2088.77	41812.1
2090.18	41831.9
2091.58	42002.1
2092.99	41793.5
2094.4	41830.5
2095.81	42044
2097.22	41902.8
2098.62	41829.3
2100.03	41764.9
2101.44	41879.9
2102.84	41812.3
2104.25	41740.3
2105.65	41948.9
2107.06	42165.3
2108.46	41876.5
2109.87	41908.2
2111.27	42001
2112.67	41838.3
2114.08	41778.9
2115.48	41556.2
2116.88	41844.1
2118.29	41849.6
2119.69	41780.9
2121.09	41542
2122.49	41628.8
2123.89	41545.4
2125.29	41580.7
2126.69	41482.9
2128.09	41553
2129.49	41343.5
2130.89	41450.7
2132.29	41647.4
2133.69	41533.4
2135.08	41394
2136.48	41742.1
2137.88	41513.5
2139.27	41517.7
2140.67	41485.1
2142.07	41607.5
2143.46	41458.1
2144.86	41584.3
2146.25	41303.4
2147.65	41197.3
2149.04	41531.1
2150.44	41709.1
2151.83	41233.1
2153.22	41337.6
2154.62	41380.5
2156.01	41583.5
2157.4	41435.1
2158.79	41165
2160.19	41458.4
2161.58	41496.8
2162.97	41486.9
2164.36	41303.4
2165.75	41467.8
2167.14	41573.7
2168.53	41178.1
2169.92	41625
2171.31	41450.3
2172.69	41381.6
2174.08	41355.9
2175.47	41550.5
2176.86	41598.7
2178.24	41735.2
2179.63	41562.4
2181.02	42070.4
2182.4	41596.9
2183.79	41669.3
2185.17	41638.1
2186.56	41508.9
2187.94	41681.2
2189.33	41374
2190.71	41621.1
2192.09	41792.9
2193.48	41870.1
2194.86	41617.3
2196.24	41686.6
2197.62	41611.9
2199.01	41515.8
2200.39	41618.8
2201.77	41734.4
2203.15	41932.5
2204.53	41571.4
2205.91	41820.8
2207.29	41688.1
2208.67	41797
2210.05	41921.3
2211.42	42035.2
2212.8	41776.9
2214.18	41978.9
2215.56	41966.4
2216.94	41980.6
2218.31	41763.9
2219.69	41974.4
2221.07	41828.5
2222.44	42039
2223.82	42091.8
2225.19	41648.9
2226.57	41976.8
2227.94	42066.5
2229.31	41905.3
2230.69	41887.5
2232.06	41916.6
2233.43	42165.2
2234.81	41974.5
2236.18	41899.6
2237.55	41960.5
2238.92	41435
2240.29	41821.6
2241.66	41719.2
2243.04	41593.1
2244.41	41758.8
2245.78	41778.1
2247.14	41798.9
2248.51	41936.8
2249.88	41927.6
2251.25	41730.7
2252.62	42068.2
2253.99	41652.7
2255.35	41881.3
2256.72	41918.6
2258.09	41725.8
2259.45	41686
2260.82	41469.6
2262.19	41941.3
2263.55	41697.7
2264.92	41748.5
2266.28	41744
2267.65	41725.4
2269.01	41782.8
2270.37	41496.2
2271.73	41571.1
2273.1	41523.3
2274.46	41723.6
2275.82	41680.2
2277.18	41571.9
2278.55	41597.1
2279.91	41625.2
2281.27	41509.4
2282.63	41774.8
2283.99	41590.6
2285.35	41481.4
2286.71	41396.7
2288.07	41681.4
2289.43	41701.1
2290.78	41719.7
2292.14	41425.3
2293.5	41612.6
2294.86	41404.3
2296.21	41821.8
2297.57	41523.6
2298.93	41596.5
2300.28	41644.9
2301.64	41636.8
2302.99	41890.6
2304.35	41802.8
2305.7	41508.9
2307.05	41702.9
2308.41	41821.4
2309.76	41849
2311.12	41663.8
2312.47	41549.1
2313.82	41876.1
2315.17	41715.5
2316.52	42047.7
2317.88	42088.6
2319.23	41619.8
2320.58	41495.3
2321.93	41577.9
2323.28	41671.2
2324.63	41477.2
2325.98	41827
2327.32	41773.1
2328.67	41747.1
2330.02	41439
2331.37	41940.8
2332.72	41549.2
2334.06	41626.6
2335.41	41840
2336.76	41608.6
2338.1	41461.7
2339.45	41526.1
2340.79	41623.9
2342.14	41723.4
2343.48	41676.8
2344.83	41905.2
2346.17	41839.4
2347.52	41673
2348.86	41703
2350.2	41865.3
2351.55	41898.9
2352.89	41565.3
2354.23	41595.7
2355.57	41589.9
2356.91	41623.9
2358.25	41804.5
2359.59	41638.1
2360.93	41575.9
2362.27	41518.5
2363.61	41742
2364.95	41812.9
2366.29	41583.5
2367.63	41602.5
2368.97	41640.7
2370.3	41778
2371.64	41645.8
2372.98	41768.1
2374.32	41586.3
2375.65	41622.8
2376.99	41298.1
2378.32	41688.1
2379.66	41777.6
2380.99	41500.6
2382.33	41587.5
2383.66	41572.3
2385	41386.5
2386.33	41798
2387.66	41617.7
2389	41704.4
2390.33	41485.9
2391.66	41855
2392.99	41602.3
2394.32	41576.7
2395.66	41573.2
2396.99	41419.8
2398.32	41612
2399.65	41608.3
2400.98	41758.5
2402.31	41532.3
2403.64	41860.2
2404.97	41728.9
2406.29	41600.1
2407.62	41937.8
2408.95	42149.8
2410.28	41751.3
2411.6	41500.1
2412.93	41727.8
2414.26	41531.9
2415.58	41780
2416.91	41672.2
2418.23	41539.2
2419.56	41405.2
2420.88	41415.8
2422.21	41374.5
2423.53	41578.6
2424.85	41302.1
2426.18	41609.9
2427.5	41777.6
2428.82	41811.2
2430.15	41775.2
2431.47	41518.5
2432.79	41522.3
2434.11	41775.7
2435.43	41535.2
2436.75	41761.3
2438.07	41577.9
2439.39	41571.3
2440.71	41692.1
2442.03	41689.3
2443.35	41633.2
2444.67	41628.6
2445.98	41708.4
2447.3	41567.5
2448.62	41501.7
2449.94	41482.1
2451.25	41288.6
2452.57	41196.7
2453.89	41522.5
2455.2	41599.9
2456.52	41317.1
2457.83	41487.3
2459.15	41545.9
2460.46	41402.6
2461.77	41618.1
2463.09	41655.9
2464.4	41498.2
2465.71	41747
2467.03	41633.3
2468.34	41523.9
2469.65	41797.7
2470.96	41558.1
2472.27	41626.9
2473.58	41733.2
2474.89	41666.7
2476.2	41429.2
2477.51	41652
2478.82	41733.3
2480.13	41792.8
2481.44	41760.8
2482.75	41615.5
2484.06	41441.1
2485.36	41709.3
2486.67	41443.6
2487.98	41361.3
2489.29	41316.4
2490.59	41519.9
2491.9	41401
2493.2	41412.4
2494.51	41342.8
2495.81	41250.5
2497.12	41272.5
2498.42	41335.9
2499.73	41369.2
2501.03	41191.5
2502.33	41206.7
2503.64	41294.3
2504.94	41147.8
2506.24	41166.1
2507.54	41235.4
2508.84	41139.3
2510.15	41241.4
2511.45	41165.8
2512.75	41304.5
2514.05	41323.8
2515.35	41190.3
2516.65	40985.3
2517.95	40908
2519.24	41077.8
2520.54	41019.9
2521.84	40938.5
2523.14	40986.7
2524.44	40993.6
2525.73	41161
2527.03	40868.8
2528.33	41148.6
2529.62	40975.6
2530.92	41342.2
2532.21	41307.3
2533.51	41209.4
2534.8	40750.3
2536.1	41073.5
2537.39	41228.1
2538.68	40814.6
2539.98	41005
2541.27	40979.7
2542.56	41117.2
2543.86	41005.4
2545.15	40965.3
2546.44	40876.6
2547.73	40704.9
2549.02	41070.4
2550.31	40988.1
2551.6	41171.4
2552.89	40910.2
2554.18	40822.2
2555.47	41089.4
2556.76	41171.9
2558.05	40883.1
2559.33	41327.6
2560.62	40899.1
2561.91	40984.5
2563.2	41086.9
2564.48	41106.9
2565.77	41021.2
2567.06	41086.5
2568.34	41133.1
2569.63	41234.1
2570.91	40955
2572.2	40915.5
2573.48	40891.3
2574.77	40725.7
2576.05	40938.2
2577.33	40846.7
2578.62	41024.6
2579.9	41020.4
2581.18	40917.8
2582.46	41167.8
2583.75	41154.6
2585.03	40739.4
2586.31	41010.3
2587.59	40647.6
2588.87	40998.7
2590.15	40589.2
2591.43	40706.8
2592.71	40744.3
2593.99	40879.2
2595.27	40926.6
2596.54	40999.6
2597.82	40983.2
2599.1	40822
2600.38	41075.9
2601.65	40789.5
2602.93	40934
2604.2	40936.8
2605.48	40678.1
2606.76	41059.2
2608.03	40826.5
2609.31	40833
2610.58	40693.6
2611.85	40823.1
2613.13	40728.9
2614.4	40546.2
2615.68	40649.1
2616.95	40613.7
2618.22	40471.2
2619.49	40672.7
2620.76	40623
2622.04	40657
2623.31	40711.7
2624.58	40606
2625.85	40616.7
2627.12	40544.3
2628.39	40532.2
2629.66	40557.2
2630.93	40650.8
2632.19	40482.7
2633.46	40646.9
2634.73	40588.1
2636	40415.8
2637.27	40662.8
2638.53	40307.4
2639.8	40474.5
2641.07	40410.9
2642.33	40435.2
2643.6	40348.5
2644.86	40662.9
2646.13	40297.6
2647.39	40327.3
2648.66	40341.7
2649.92	40239.7
2651.18	40371.2
2652.45	40264.2
2653.71	40171.8
2654.97	40266.1
2656.24	39944.2
2657.5	40165.3
2658.76	40349.2
2660.02	40285.5
2661.28	40483.5
2662.54	40016.4
2663.8	40202.9
2665.06	40110.2
2666.32	40125.3
2667.58	40228.8
2668.84	40080.8
2670.1	40209.5
2671.36	40212.2
2672.61	40203.3
2673.87	40466.1
2675.13	40289.6
2676.39	40393.8
2677.64	40140.7
2678.9	40509.2
2680.15	40140.9
2681.41	40066.1
2682.66	40173.2
2683.92	40044.6
2685.17	40215.4
2686.43	40183.4
2687.68	40115.2
2688.93	39929.4
2690.19	40370.4
2691.44	39949.3
2692.69	40095.1
2693.94	40061.6
2695.2	39984
2696.45	40058.4
2697.7	39997.5
2698.95	40199.5
2700.2	40250.4
2701.45	40085.3
2702.7	40146.7
2703.95	40025.9
2705.2	39934.9
2706.45	40187.7
2707.7	39995.6
2708.94	40157.5
2710.19	39869
2711.44	39935.7
2712.68	40028.7
2713.93	39875.9
2715.18	39807.1
2716.42	39948.9
2717.67	40000.5
2718.91	40057.6
2720.16	39933.4
2721.4	39789.2
2722.65	39891.6
2723.89	39991.8
2725.14	39896.3
2726.38	39803.7
2727.62	39697.1
2728.86	39731.5
2730.11	39824.3
2731.35	39991.4
2732.59	39799.9
2733.83	39924.6
2735.07	39768
2736.31	39956
2737.55	39783.4
2738.79	39893.9
2740.03	39630.3
2741.27	39619.9
2742.51	39718.1
2743.75	39832.6
2744.99	39799.4
2746.23	39945.4
2747.46	39723.6
2748.7	39813.4
2749.94	40005.5
2751.17	40073.1
2752.41	40174.4
2753.65	39849.2
2754.88	40183.6
2756.12	40106.5
2757.35	40242.6
2758.59	40164.1
2759.82	40278.5
2761.05	40425.4
2762.29	40407.7
2763.52	40589.2
2764.75	40534.1
2765.99	40411.5
2767.22	40393.6
2768.45	40407.8
2769.68	40463.9
2770.91	40151
2772.14	40116
2773.37	40016.9
2774.6	40056
2775.83	39914
2777.06	39732
2778.29	39790
2779.52	39681.7
2780.75	39843.9
2781.98	39829.1
2783.2	39701.5
2784.43	39776
2785.66	39790.3
2786.89	39667.6
2788.11	39512.2
2789.34	39767.1
2790.56	39823
2791.79	39816.3
2793.02	39458
2794.24	39669
2795.47	39525.4
2796.69	39716.9
2797.91	39690.4
2799.14	39694.9
2800.36	39436.9
2801.58	39536
2802.8	39402.3
2804.03	39257.2
2805.25	39143.6
2806.47	39179.1
2807.69	39280.7
2808.91	39084.1
2810.13	39317.5
2811.35	39139.3
2812.57	39124.9
2813.79	38885.7
2815.01	38806.3
2816.23	39275
2817.45	38949.8
2818.67	38870.8
2819.88	39134.1
2821.1	38751.9
2822.32	38731.6
2823.53	38818.1
2824.75	38949.8
2825.97	39052.2
2827.18	39036.4
2828.4	39171.1
2829.61	39043
2830.83	39060.7
2832.04	38998.3
2833.26	38895.6
2834.47	39057.4
2835.68	39037.5
2836.9	38913.9
2838.11	39012.9
2839.32	38889.5
2840.53	39046.4
2841.74	38943.4
2842.96	38928.3
2844.17	38998.6
2845.38	38970.9
2846.59	38973.1
2847.8	38947.9
2849.01	39003.6
2850.22	38737.7
2851.43	39041.8
2852.63	38723.6
2853.84	39173.6
2855.05	39232.2
2856.26	38822.8
2857.47	38825.5
2858.67	38769.2
2859.88	38792.4
2861.09	38726
2862.29	38909.7
2863.5	38951.6
2864.7	38919.7
2865.91	39126.5
2867.11	39078.9
2868.32	38749.4
2869.52	39108.5
2870.73	38994.5
2871.93	38649.9
2873.13	38920.2
2874.33	38888.6
2875.54	38763.2
2876.74	38934.5
2877.94	39076.1
2879.14	38852.6
2880.34	39124
2881.54	39411.3
2882.74	39689.2
2883.94	39529
2885.14	39858.8
2886.34	40076.4
2887.54	40459.1
2888.74	40749.4
2889.94	41485.3
2891.14	41719.4
2892.33	42271.9
2893.53	43004.3
2894.73	43814.8
2895.92	44248.6
2897.12	45069.4
2898.32	46056.4
2899.51	47128.8
2900.71	48002.8
2901.9	48855.6
2903.1	49802.3
2904.29	50148.5
2905.49	50177.4
2906.68	49414.6
2907.87	48190.1
2909.07	46862
2910.26	45343.5
2911.45	44240.7
2912.64	43054.3
2913.84	42131.5
2915.03	41599.6
2916.22	41120.5
2917.41	40875.5
2918.6	40647.6
2919.79	40121.8
2920.98	40289.4
2922.17	39927.6
2923.36	39799.6
2924.55	39600.9
2925.74	39792.1
2926.92	39737.2
2928.11	39819.9
2929.3	39992.3
2930.48	39754.8
2931.67	39590
2932.86	39622
2934.04	39726.5
2935.23	39363.6
2936.42	39207.5
2937.6	39477.2
2938.78	39132
2939.97	38982.8
2941.15	39340.7
2942.34	39326.7
2943.52	39527.5
2944.7	39392.1
2945.89	39465.7
2947.07	39493
2948.25	39473.5
2949.43	39932.4
2950.62	39763.4
2951.8	39685.3
2952.98	39634.4
2954.16	39860.8
2955.34	40027.3
2956.52	39829.5
2957.7	40140.8
2958.88	40121.9
2960.05	40245.6
2961.23	40348.4
2962.41	40492.4
2963.59	40565
2964.77	40489.2
2965.94	40697.6
2967.12	40900.4
2968.3	41173
2969.47	40986.5
2970.65	40984.6
2971.82	41321.9
2973	41499.5
2974.17	41891.9
2975.35	42174.1
2976.52	42424.5
2977.7	42648.7
2978.87	43399.5
2980.04	44142
2981.22	44773.3
2982.39	45732.5
2983.56	46721.6
2984.73	47389.9
2985.9	47877.2
2987.07	48338.4
2988.25	48036.3
2989.42	46676.9
2990.59	45331.4
2991.76	43923.9
2992.93	42889.1
2994.09	41878.2
2995.26	40704.3
2996.43	40292.8
2997.6	40063
2998.77	39910.8
2999.94	39375
3001.1	39218.1
3002.27	39180.5
3003.44	39055.5
3004.6	38663.1
3005.77	38851
3006.93	38935.3
3008.1	39120.7
3009.27	38711.9
3010.43	38803.6
3011.59	38863.9
3012.76	39268.8
3013.92	39568
3015.09	39643.2
3016.25	40339.3
3017.41	40931
3018.57	41859.5
3019.74	42989.4
3020.9	44127
3022.06	45157.7
3023.22	45825.2
3024.38	46213
3025.54	46201.5
3026.7	46375.1
3027.86	46743.3
3029.02	47845.1
3030.18	48193.3
3031.34	48740.9
3032.49	48098.6
3033.65	47027.9
3034.81	45265.6
3035.97	43900.7
3037.13	43062.8
3038.28	44476.7
3039.44	42574.5
3040.59	41413.1
3041.75	41197.8
3042.91	40867.1
3044.06	40679
3045.22	40425.8
3046.37	40607
3047.52	40519.1
3048.68	40571.9
3049.83	40551.3
3050.98	40475.2
3052.14	40411.2
3053.29	40408.1
3054.44	40736.6
3055.59	40633.6
3056.75	40771.8
3057.9	40704.6
3059.05	40815.5
3060.2	40750.4
3061.35	40594.8
3062.5	40635.6
3063.65	40656.5
3064.8	40504.4
3065.95	40247.7
3067.09	40310.3
3068.24	40325.3
3069.39	40343.4
3070.54	40359.3
3071.69	40471.7
3072.83	40565.9
3073.98	40540
3075.12	40609.9
3076.27	40807.1
3077.42	41028.7
3078.56	41292.8
3079.71	41456.4
3080.85	41655.6
3082	42011.8
3083.14	42146.8
3084.28	42277.3
3085.43	42438.2
3086.57	42241.5
3087.71	42045
3088.85	41821.1
3090	41349.1
3091.14	40936.7
3092.28	40621.3
3093.42	40156.5
3094.56	39763.8
3095.7	39397.8
3096.84	39045.3
3097.98	38839.8
3099.12	38549.2
3100.26	38188.2
3101.4	38096.5
3102.54	37874.7
3103.67	37860
3104.81	37619.9
3105.95	37461.1
3107.09	37504.2
3108.22	37374.3
3109.36	37390.7
3110.5	37561.9
3111.63	37279.2
3112.77	37324.5
3113.9	37366.8
3115.04	37434.4
3116.17	37394.9
3117.31	37195.1
3118.44	37238.3
3119.57	37278.1
3120.71	37343.1
3121.84	37352
3122.97	37480.5
3124.1	37416.8
3125.24	37316.2
3126.37	37471.8
3127.5	37466.8
3128.63	37481.1
3129.76	37558.1
3130.89	37540.1
3132.02	37425.3
3133.15	37462
3134.28	37551.2
3135.41	37667.7
3136.54	37406.9
3137.67	37418.8
3138.79	37375.3
3139.92	37456.8
3141.05	37538.4
3142.18	37283.2
3143.3	37381.2
3144.43	37369.8
3145.56	37282.9
3145.76	37262.5
3146.94	37087
3148.12	37100.4
3149.3	37137.4
3150.49	36915.4
3151.67	36935.7
3152.85	36864.2
3154.03	36702.5
3155.21	36868.8
3156.39	36679.6
3157.57	36481.2
3158.75	36320.7
3159.93	36517.7
3161.11	36293.4
3162.29	36208.8
3163.47	36270.8
3164.65	35835.3
3165.83	35997.2
3167	35722.6
3168.18	35710.2
3169.36	35602.1
3170.54	35501.8
3171.71	35319.3
3172.89	35370.8
3174.07	35540.6
3175.24	35432.3
3176.42	35240.6
3177.59	35172.1
3178.77	35062.8
3179.94	35284
3181.12	34853.2
3182.29	35191.4
3183.47	34968.4
3184.64	34953.3
3185.81	34990.4
3186.99	34902.4
3188.16	34835
3189.33	35018.8
3190.5	34960.8
3191.68	35040.8
3192.85	35068
3194.02	34903.8
3195.19	34831.1
3196.36	34957.5
3197.53	34814.2
3198.7	34984.3
3199.87	34899.3
3201.04	34850.5
3202.21	34750.9
3203.38	34530.1
3204.55	34936
3205.72	34951.3
3206.89	34859
3208.05	34832.9
3209.22	34697.7
3210.39	34614.1
3211.56	34856.7
3212.72	34560.4
3213.89	34629.3
3215.06	34311.8
3216.22	34608
3217.39	34592.9
3218.55	34434.4
3219.72	34564.6
3220.88	34595.3
3222.05	34599.4
3223.21	34560.4
3224.38	34543.1
3225.54	34551
3226.7	34557.4
3227.87	34454.8
3229.03	34553.2
3230.19	34544.4
3231.35	34669.3
3232.52	34502
3233.68	34397
3234.84	34377.2
3236	34476.7
3237.16	34292.8
3238.32	34348.6
3239.48	34203.1
3240.64	34628.5
3241.8	34611.1
3242.96	34394.3
3244.12	34453.2
3245.28	34549.6
3246.44	34419.3
3247.6	34719.1
3248.76	34693.9
3249.91	34671.7
