45.0929	57942.1
52.6811	72776.5
60.261	91145.6
67.8305	71649.6
75.396	60445.2
82.9511	49349.4
90.4981	40628.1
98.0389	35338.4
105.571	29667.1
113.098	25420.9
120.614	22363.1
128.122	19878.4
135.622	17985.1
143.114	16310
150.602	15316.4
158.079	14244.9
165.549	13561.2
173.01	13194.4
180.463	12865.5
187.909	12596.8
195.348	12185.8
202.779	12101.1
210.2	11867.3
217.617	11653.1
225.025	11069.3
232.424	10843.9
239.817	10509.5
247.2	10215.6
254.575	9965.45
261.944	9544.32
269.306	9051.11
276.659	8294.19
284.005	7839.11
291.342	7360.18
298.674	6747.4
305.993	6275.5
313.309	5769.62
320.615	5497.94
327.916	5310.15
335.206	5242.76
342.49	5156.18
349.765	5468.19
357.034	5860.15
364.293	6051.86
371.546	6169.69
378.792	5915.21
386.03	5351.73
393.26	5046.68
400.482	5142.83
407.697	5440.49
414.903	5325.18
422.103	4896.89
429.294	4656.57
436.478	4769.15
443.654	5174.82
450.824	5513.07
457.983	5258.87
465.138	4873.09
472.284	4512.06
479.421	4374.4
486.554	4436.4
493.674	4434.97
500.789	4476.39
507.897	4437.93
514.999	4303.17
522.089	4262.27
529.174	4066.56
536.254	3906.26
543.321	3495.47
550.386	3277.07
557.44	3173.63
564.484	3425.52
571.526	3724.36
578.556	3842.13
585.581	3789.68
592.599	3718.27
599.609	3866.56
606.609	3593.56
613.603	3191.17
620.59	2748.39
627.569	2688.61
634.54	2673.26
641.506	2738.8
648.46	2637.94
655.409	2579.35
662.351	2557.16
669.285	2505.27
676.213	2471.44
683.13	2674.84
690.043	3061.56
696.946	4003.42
703.844	7855.39
710.733	16160.5
717.614	16019.4
724.487	8047.87
731.356	5697.12
738.216	5670.82
745.066	5861.17
751.91	6240.9
758.746	6831.32
765.577	6786.45
772.397	5922.86
779.214	4904.07
786.02	4305.01
792.82	4430.88
799.612	5427.7
806.396	6387.81
813.174	7097.17
819.944	7489.13
826.707	7920.56
833.463	8865.33
840.21	10311.2
846.951	10802.8
853.684	10868.3
860.41	11450.3
867.127	13467.4
873.839	13750.2
880.542	10807
887.24	9697.32
893.929	8064.41
900.609	7585.52
907.285	7722.42
913.951	7953.67
920.611	8019.24
927.263	7747.31
933.907	7275.56
940.544	7390.37
947.174	8561.71
953.799	9598.49
960.413	9943.47
967.021	10508.4
973.623	8884.77
980.215	6951.33
986.802	6177.09
993.382	6122.21
999.954	6612.96
1006.52	7673.06
1013.08	8927.01
1019.63	8890.01
1026.17	8520.91
1032.7	8909.61
1039.23	9560.76
1045.75	10779
1052.27	12826.3
1058.77	16104.2
1065.27	17145.9
1071.76	17368.5
1078.25	19429.8
1084.73	20286.9
1091.2	18466
1097.66	15763.5
1104.11	12477.4
1110.56	10375.3
1117	9465.76
1123.44	7421.56
1129.87	5796.99
1136.29	5712.34
1142.7	5457.84
1149.1	4878.35
1155.5	4153.3
1161.89	4154.48
1168.28	4389.74
1174.65	4333.18
1181.02	4176.91
1187.38	4157.11
1193.74	4501.93
1200.09	4439.46
1206.43	4500.15
1212.76	5088.37
1219.09	5625.57
1225.41	6081.62
1231.72	6934.85
1238.03	8489.93
1244.33	9620.35
1250.62	11246.8
1256.9	13450.4
1263.18	14557.2
1269.45	14419.2
1275.71	13572.4
1281.96	13088.8
1288.21	15105.1
1294.45	20494.9
1300.69	21888.8
1306.92	16652.1
1313.14	12601.3
1319.35	10137.8
1325.55	8017.59
1331.75	6588.13
1337.94	6548.8
1344.13	6164.36
1350.31	5364.34
1356.48	5129.21
1362.64	5248.7
1368.8	5078.7
1374.95	4503.5
1381.09	4066.19
1387.23	3853.86
1393.36	4261.15
1399.48	5268.98
1405.59	5710.21
1411.7	6917.98
1417.8	8951.21
1423.89	13093.2
1429.98	24242
1436.06	33938.1
1442.13	32964.4
1448.2	29563.7
1454.26	25884.9
1460.31	20292.8
1466.35	14744.6
1472.39	10503.9
1478.42	8078.25
1484.44	6373.29
1490.46	4937.63
1496.47	4130.76
1502.47	3390.84
1508.47	3003.56
1514.46	2770.32
1520.44	2598.33
1526.42	2437.39
1532.39	2253.64
1538.35	2250.77
1544.3	2059.6
1550.25	1983.64
1556.19	1876.52
1562.12	1911.69
1568.05	1825.07
1573.97	1813.28
1579.89	1831.18
1585.79	1795.9
1591.69	1798.56
1597.58	1778.28
1603.47	1872.08
1609.35	1872.49
1615.22	2087.79
1621.08	2440.63
1626.94	2885.27
1632.8	3672.24
1638.64	6706.6
1644.48	14478.3
1650.31	23575
1656.13	21780.1
1661.95	11516.7
1667.76	4983.89
1673.57	2888.09
1679.36	2249.15
1685.15	2001.09
1690.94	1892.37
1696.71	1856.83
1702.48	1957.44
1708.25	2162.99
1713.51	2567.39
1719.5	3472.93
1725.47	4830.7
1731.44	5833.25
1737.41	5806.98
1743.37	4831.68
1749.32	3403.99
1755.27	2242.33
1761.21	1625.22
1767.14	1424.68
1773.07	1343.23
1779	1264.51
1784.92	1274.4
1790.83	1179.2
1796.73	1225.39
1802.63	1139.95
1808.52	1174.58
1814.41	1084.53
1820.29	1122.9
1826.17	1110.59
1832.04	1091.34
1837.9	1100.94
1843.76	1099.1
1849.61	1095.49
1855.46	1067.93
1861.3	1070.08
1867.13	1128.36
1872.96	1076.5
1878.78	1080.47
1884.6	1035.36
1890.41	1074.09
1896.21	1083.95
1902.01	1073
1907.8	1033.25
1913.59	1065.15
1919.37	1057.79
1925.15	1075.47
1930.92	1098.37
1936.68	1156.59
1942.44	1147.63
1948.19	1119.79
1953.93	1048.18
1959.67	1054.89
1965.41	1126.01
1971.14	1116.7
1976.86	1140.28
1982.57	1138.81
1988.28	1081.12
1993.99	1153.08
1999.68	1141.49
2005.38	1167.48
2011.06	1169.76
2016.75	1182.89
2022.42	1136.18
2028.09	1119.56
2033.75	1174.17
2039.41	1174.92
2045.06	1185.94
2050.71	1170.95
2056.35	1189.12
2061.98	1188.02
2067.61	1174.58
2073.23	1217.64
2078.85	1250.52
2084.46	1265.13
2090.06	1258.91
2095.66	1250.77
2101.25	1255.55
2106.84	1334.86
2112.42	1326.33
2118	1367.36
2123.57	1345.24
2129.13	1422.75
2134.69	1385.57
2140.24	1393.89
2145.79	1412.8
2151.33	1480.98
2156.86	1482.29
2162.39	1559.82
2167.92	1601.46
2173.43	1671.68
2178.95	1722.62
2184.45	1809.28
2189.95	1807.28
2195.44	1748.54
2200.93	1621.22
2206.41	1643.44
2211.89	1589.25
2217.36	1637.6
2222.83	1517.81
2228.29	1508.71
2233.74	1606.42
2239.19	1546.15
2244.63	1558.79
2250.07	1553.96
2255.5	1512.77
2260.93	1587.96
2266.34	1604.5
2271.76	1633
2277.16	1699.89
2282.56	1681.41
2287.96	1717.51
2293.35	1763.42
2298.74	1868.24
2304.12	1817.18
2309.49	1885.86
2314.86	1889.94
2320.22	1851.25
2325.57	1793.7
2330.92	1939.7
2336.27	2089.05
2341.61	2041.67
2346.94	2197.03
2352.27	2102.96
2357.59	2212.19
2362.91	2255.75
2368.21	2236.47
2373.52	2357.9
2378.82	2405.95
2384.11	2446.65
2389.4	2599.38
2394.68	2525.74
2399.96	2649.16
2405.23	2598.44
2410.49	2740.4
2415.75	2854.41
2421	2927.9
2426.25	3033.59
2431.49	3074.17
2436.73	3053.2
2441.96	3083.35
2447.18	3062.74
2452.4	3048.02
2457.61	3020.59
2462.82	3049.47
2468.03	3061.16
2473.22	3164.92
2478.41	3273.62
2483.6	3295.24
2488.78	3376.98
2493.95	3367.79
2499.12	3413.37
2504.28	3363.25
2509.44	3502.74
2514.59	3560.02
2519.73	3712.37
2524.87	3733.06
2530.01	3905.68
2535.14	3966.53
2540.26	4113.31
2545.38	4183.92
2550.49	4181.48
2555.59	4265.13
2560.69	4492.01
2565.79	4522.61
2570.88	4603.77
2575.96	4626.09
2581.04	4916.52
2586.11	5093.78
2591.18	5146.45
2596.24	5434.58
2601.3	5413.84
2606.35	5559.94
2611.39	5519.29
2616.43	5571.27
2621.46	5688.64
2626.49	5873.05
2631.51	5960.39
2636.53	6091.22
2641.54	6238.18
2646.54	6446.74
2651.54	6632.49
2656.54	6765.64
2661.53	6959.16
2666.51	7252.03
2671.49	7374.53
2676.46	7612.24
2681.43	7792.71
2686.39	8060.05
2691.34	8206.27
2696.29	8600.45
2701.24	9065.19
2706.17	9815.63
2711.11	10689
2716.03	11120
2720.96	11635.7
2725.87	11745.1
2730.78	11724
2735.69	10587.3
2740.59	9556.38
2745.48	8978.22
2750.37	8546.54
2755.26	8328.9
2760.13	8095.65
2765.01	8143.46
2769.87	8133.43
2774.73	8233.95
2779.59	8420.72
2784.44	8888.13
2789.28	9529.7
2794.12	10121.3
2798.96	10794.9
2803.79	11072.6
2808.61	11654.7
2813.43	12662
2818.24	14509.4
2823.04	18011.2
2827.85	23743.3
2832.64	31548.8
2837.43	45218.5
2842.22	74688.7
2846.99	106020
2851.77	106857
2856.54	94951.5
2861.3	85876.3
2866.06	85007.9
2870.81	89831.1
2875.55	94560.8
2880.29	102109
2885.03	108267
2889.76	110092
2894.48	109619
2899.2	107272
2903.92	103753
2908.63	100630
2913.33	98771
2916.19	98270.1
2921.11	99200.3
2926.03	99980.3
2930.94	96624.1
2935.85	86793.7
2940.76	70044.4
2945.66	58733.8
2950.55	54530.8
2955.44	53503.8
2960.33	50716.3
2965.21	46234
2970.08	42354
2974.96	39248
2979.82	34968.5
2984.68	30630.5
2989.54	27735.5
2994.39	28196.7
2999.24	31009.4
3004.08	31187.8
3008.92	26670
3013.75	20958.7
3018.58	17660.9
3023.41	16976.3
3028.22	17062.8
3033.04	16522.2
3037.85	15069.3
3042.65	12766.8
3047.45	10490.3
3052.25	8790.21
3057.04	7544.15
3061.82	6624.27
3066.61	5860.63
3071.38	5087.08
3076.15	4548.09
3080.92	4188.01
3085.68	3928.85
3090.44	3712.21
3095.19	3583.98
3099.94	3502.15
3104.68	3412.15
3109.42	3303.9
3114.15	3305.67
3118.88	3239.93
3123.61	3281.95
3128.33	3117.03
3133.04	3225.96
3137.75	3230.26
3142.46	3309.63
3147.16	3239.69
3151.85	3283.06
3156.54	3243.25
3161.23	3328.13
3165.91	3393.3
3170.59	3315.14
3175.26	3407.25
3179.93	3443.87
3184.59	3543.21
3189.25	3627.93
3193.9	3570.12
3198.55	3747.05
3203.19	3747.42
3207.83	3794.28
3212.47	3736.27
3217.1	3809.32
3221.72	3740.8
3226.34	3883.34
3230.96	3968.78
3235.57	4073.8
3240.18	4124.76
3244.78	4120.26
3249.38	4154.76
3253.97	4122.06
3258.55	4326.48
3263.14	4326.56
3267.71	4292.33
3272.29	4448.15
3276.86	4387.52
3281.42	4408.75
3285.98	4421.47
3290.54	4456.8
3295.08	4548.89
3299.63	4511.23
3304.17	4495.95
3308.71	4599.56
3313.24	4542.88
3317.76	4567.03
3322.29	4446.73
3326.8	4629.69
3331.31	4574.41
3335.82	4693.74
3340.33	4665.61
3344.83	4711.93
3349.32	4707.08
3353.81	4715.43
3358.29	4851.54
3362.77	4884.19
3367.25	4937.62
3371.72	4985.03
3376.18	5129.98
3380.65	5087.84
3385.1	5276.75
3389.55	5125.42
3394	5179.64
3398.44	5254.3
