41.5411	2039.69
43.8598	1849.75
46.1779	1821.81
48.4934	2597.86
50.8103	3739.91
53.1246	4677.96
55.4383	5884.01
57.7493	7322.06
60.0619	9150.14
62.3717	10304.1
64.681	10852.2
66.9876	10034.2
69.2979	9296.21
71.6033	8660.27
73.9082	8322.34
76.2125	7808.31
78.512	7770.36
80.8151	7234.42
83.1156	6730.37
85.4155	6306.42
87.7127	5794.47
90.0115	5264.52
92.3075	4838.47
94.6031	4680.51
96.8959	4290.52
99.1903	4190.54
101.482	3968.55
103.773	3810.55
106.062	3472.56
108.349	3272.56
110.641	3196.57
112.926	3038.56
115.21	2722.55
117.495	2502.55
119.78	2398.56
122.061	2286.55
124.342	2158.54
126.624	2108.53
128.902	1872.51
131.18	1884.5
133.458	1848.48
135.733	1664.46
138.007	1648.44
140.283	1538.41
142.554	1518.39
144.824	1526.37
147.096	1328.34
149.368	1266.31
151.632	1168.28
153.9	1226.24
156.168	1194.21
158.433	1154.17
160.698	1076.14
162.959	1084.09
165.221	1014.06
167.481	1006
169.742	955.957
172.001	831.91
174.258	885.858
176.515	859.807
178.77	865.752
181.026	847.699
183.278	863.639
185.53	783.579
187.782	817.529
190.033	807.467
192.279	821.396
194.529	765.323
196.774	737.25
199.021	771.182
201.267	667.111
203.511	613.037
205.752	690.958
207.994	534.891
210.234	688.81
212.473	574.728
214.712	538.645
216.948	558.557
219.184	518.469
221.419	484.37
223.653	524.278
225.887	486.187
228.12	426.094
230.349	492.005
232.579	405.906
234.809	367.808
237.036	337.705
239.262	427.6
241.488	345.495
243.712	305.386
245.934	325.274
248.157	249.154
250.379	305.052
252.598	260.934
254.816	318.815
257.034	260.697
259.252	200.578
261.467	172.454
263.681	180.328
265.895	146.202
268.108	182.074
270.319	141.943
272.529	109.82
274.739	59.6777
276.948	209.543
279.154	25.4033
281.36	143.263
283.564	27.1205
285.768	-7.02271
287.973	-7.16406
290.175	12.6892
292.372	48.5338
294.572	-13.6063
296.773	-5.75488
298.968	-15.9137
301.165	-76.0789
303.36	-40.2377
305.553	-90.3999
307.747	-90.5603
309.94	-52.7225
312.13	-136.89
314.322	-143.054
316.509	-147.216
318.696	-213.389
320.882	-127.564
323.068	-261.738
325.253	-107.914
327.437	-198.102
329.619	-116.283
331.801	-186.465
333.98	-226.651
336.16	-162.826
338.338	-225.014
340.515	-237.204
342.69	-239.397
344.866	-229.589
347.038	-185.787
349.213	-199.981
351.384	-152.182
353.554	-186.394
355.723	-130.597
357.892	-170.791
360.057	-91.0018
362.225	30.7927
364.388	82.5785
366.553	-7.6322
368.716	64.1537
370.878	15.9377
373.039	69.7202
375.198	61.4988
377.358	5.28918
379.514	45.053
381.673	-23.1681
383.828	-85.3961
385.982	-45.6259
388.136	-95.8557
390.287	-64.0906
392.438	-118.326
394.588	-96.5621
396.737	-170.801
398.884	-115.032
401.031	-35.2745
403.177	-47.5182
405.323	-59.7717
407.466	-38.0208
409.608	67.7286
411.748	45.4747
413.889	149.222
416.03	76.9702
418.167	-79.2891
420.303	-43.5399
422.44	-141.799
424.575	-172.062
426.709	-26.3263
428.841	-6.59424
430.973	-80.8721
433.103	-69.1433
435.234	-93.4131
437.362	-55.688
439.489	-65.9644
441.616	-52.231
443.742	9.49084
445.866	25.2091
447.989	106.926
450.112	92.6423
452.23	112.35
454.352	0.0648193
456.469	81.761
458.588	177.471
460.704	59.1851
462.82	46.8893
464.933	-71.4114
467.048	-9.70874
469.16	-28.0112
471.272	-60.3137
473.381	-94.6213
475.49	-26.9291
477.598	-173.239
479.706	-85.5481
481.811	-61.8627
483.916	-58.1772
486.02	-78.4937
488.122	-28.8134
490.223	-47.1351
492.324	-121.457
494.424	-73.7799
496.522	-14.1067
498.619	-2.43518
500.716	-72.7635
502.81	-45.0875
504.904	30.5789
506.997	-23.7665
509.09	29.8981
511.181	13.5592
513.27	-44.783
515.358	-7.12708
517.447	-45.4696
519.533	-7.81714
521.619	-108.155
523.702	-56.5073
525.787	-22.8567
527.868	28.7871
529.948	-63.5708
532.031	-31.9336
534.11	-46.2932
536.184	-58.6615
538.262	-55.0228
540.338	-139.388
542.413	-155.744
544.486	-54.1145
546.56	-84.4829
548.631	-178.856
550.7	-205.233
552.771	-131.607
554.837	-107.989
556.907	-60.3743
558.972	-142.758
561.037	-127.142
563.101	-115.518
565.163	-135.907
567.224	-142.297
569.285	-108.688
571.345	-89.0812
573.403	-61.4771
575.461	-77.8732
577.518	-18.2709
579.572	-66.6737
581.626	-65.0768
583.68	-15.4797
585.733	-75.8844
587.783	-66.2942
589.833	-110.704
591.883	12.8861
593.928	-37.5326
595.977	-3.94409
598.021	-19.5167
600.065	-6.42749
602.11	64.6722
604.151	-42.24
606.194	28.8386
608.234	-18.0742
610.273	-20.9875
612.31	44.098
614.347	-104.816
616.383	-33.7312
618.418	-74.6466
620.453	-101.562
622.484	-194.469
624.516	-145.387
626.546	-142.305
628.576	-161.223
630.604	-80.1516
632.631	-123.071
634.659	-45.9901
636.682	-110.912
638.707	-99.8322
640.732	-60.7427
642.754	-99.6648
644.772	-60.589
646.793	-19.5115
648.812	-14.4351
650.83	-73.3595
652.846	-48.2845
654.861	-89.2203
656.876	-94.146
658.889	-121.073
660.901	-39.9899
662.913	-42.917
664.924	-115.845
666.932	-82.7742
668.941	-101.703
670.947	-94.6331
672.952	12.4362
674.957	-78.4946
676.961	-19.4263
678.964	-64.3682
680.965	-75.291
682.964	-80.2249
684.963	-71.1587
686.963	-42.092
688.959	-35.0275
690.955	40.037
692.95	41.1011
694.944	78.1647
696.938	155.228
698.93	186.301
700.921	249.363
702.91	374.413
704.898	579.474
706.886	948.534
708.874	1403.59
710.857	1854.65
712.843	2335.71
714.825	2858.77
716.807	2973.83
718.788	2826.89
720.769	2205.95
722.748	1655.01
724.726	1138.06
726.701	843.106
728.678	648.16
730.653	569.214
732.625	596.266
734.599	493.32
736.569	498.371
738.542	475.434
740.51	500.484
742.479	545.535
744.446	574.584
746.41	539.633
748.376	564.682
750.339	641.719
752.303	592.767
754.265	643.814
756.226	738.871
758.185	803.917
760.143	694.962
762.101	728.007
764.056	833.05
766.011	710.094
767.966	753.137
769.92	742.18
771.872	623.222
773.824	616.254
775.773	557.305
777.721	510.345
779.669	389.385
781.617	428.424
783.561	433.462
785.508	342.502
787.45	383.539
789.392	362.575
791.334	353.612
793.275	296.649
795.212	299.693
797.152	420.719
799.089	379.753
801.024	358.786
802.959	405.82
804.894	448.853
806.825	565.884
808.759	596.917
810.688	633.947
812.618	742.987
814.546	724.017
816.475	811.047
818.401	824.076
820.326	817.094
822.25	840.122
824.172	899.148
826.095	956.175
828.017	959.202
829.936	992.227
831.855	967.262
833.772	1032.29
835.689	1047.31
837.605	1154.33
839.52	1269.36
841.433	1324.38
843.346	1335.39
845.257	1376.41
847.167	1409.43
849.076	1380.45
850.985	1393.48
852.89	1432.5
854.799	1379.52
856.703	1420.54
858.606	1437.55
860.51	1474.57
862.411	1425.59
864.311	1650.6
866.211	1823.62
868.109	1826.63
870.006	1977.64
871.903	2070.66
873.798	2161.67
875.694	2068.68
877.586	1903.7
879.477	1758.71
881.368	1593.72
883.259	1540.73
885.149	1519.74
887.035	1494.76
888.922	1611.76
890.807	1504.76
892.692	1307.77
894.576	1252.78
896.458	1105.78
898.342	1004.79
900.221	935.795
902.1	1024.8
903.978	981.803
905.856	1018.82
907.73	971.819
909.607	1008.82
911.48	1125.81
913.352	1044.81
915.225	1071.82
917.096	1154.82
918.964	1129.82
920.835	1224.82
922.701	1203.82
924.568	1180.82
926.434	1275.82
928.295	1190.82
930.16	1109.81
932.021	1072.81
933.884	1047.8
935.744	1012.79
937.601	943.782
939.461	846.777
941.316	889.779
943.174	824.773
945.029	849.765
946.882	982.756
948.732	1033.75
950.585	1100.74
952.436	1209.73
954.284	1278.72
956.132	1217.7
957.98	1262.68
959.825	1281.68
961.672	1186.67
963.515	1227.65
965.357	1334.64
967.199	1313.63
969.041	1326.72
970.882	1361.81
972.719	1323.67
974.557	1254.15
976.393	1111.77
978.229	988.007
980.062	943.048
981.897	749.03
983.728	724.069
985.558	647.139
987.39	614.699
989.218	606.978
991.047	540.046
992.874	566.994
994.701	586.572
996.525	620.728
998.349	646.045
1000.17	651.639
1001.99	608.524
1003.81	653.348
1005.63	740.742
1007.45	800.055
1009.27	851.94
1011.09	892.115
1012.9	944.024
1014.71	991.147
1016.53	990.304
1018.34	1030.89
1020.15	992.512
1021.96	939.806
1023.77	988.15
1025.58	977.526
1027.38	1000.37
1029.19	958.828
1030.99	980.67
1032.8	953.241
1034.6	1046.74
1036.4	1037.89
1038.2	1073.93
1040	1172.66
1041.8	1216.13
1043.6	1189.11
1045.39	1304.28
1047.19	1352.24
1048.98	1484.95
1050.77	1637.9
1052.56	1734.07
1054.36	1822.68
1056.15	2008.2
1057.94	2257.3
1059.72	2645.49
1061.51	3041.83
1063.3	3273.55
1065.08	3281.16
1066.86	3103.23
1068.21	2859.09
1070.14	2521.94
1072.06	2458.78
1073.99	2623.62
1075.91	2600.47
1077.84	2709.32
1079.76	2684.16
1081.68	2885.01
1083.6	2807.84
1085.52	2948.69
1087.44	2911.54
1089.36	2850.38
1091.27	2825.22
1093.19	2820.07
1095.1	2828.91
1097.02	2699.75
1098.93	2680.59
1100.85	2509.43
1102.76	2248.27
1104.67	2221.11
1106.58	1931.95
1108.49	1642.79
1110.39	1461.62
1112.3	1378.45
1114.21	1235.29
1116.11	1248.12
1118.01	1278.96
1119.92	1285.8
1121.82	1418.63
1123.72	1525.46
1125.62	1518.3
1127.52	1517.13
1129.42	1259.97
1131.32	1012.8
1133.21	713.63
1135.11	672.463
1137	721.292
1138.9	550.126
1140.79	646.954
1142.68	539.784
1144.57	576.613
1146.46	531.441
1148.35	518.27
1150.24	505.099
1152.12	393.922
1154.01	418.741
1155.9	385.57
1157.78	356.394
1159.66	389.217
1161.55	386.046
1163.43	322.87
1165.31	375.694
1167.19	398.517
1169.07	375.341
1170.95	380.165
1172.82	362.982
1174.7	409.807
1176.57	326.625
1178.45	347.448
1180.32	294.267
1182.19	271.085
1184.07	359.909
1185.93	336.723
1187.8	279.541
1189.67	330.36
1191.54	263.179
1193.41	313.987
1195.27	332.8
1197.14	295.619
1199	312.432
1200.87	343.251
1202.73	320.065
1204.59	360.877
1206.45	365.691
1208.31	406.505
1210.17	383.318
1212.02	460.126
1213.88	494.94
1215.73	517.748
1217.59	572.561
1219.44	633.369
1221.3	648.183
1223.15	596.991
1225	623.799
1226.85	670.608
1228.7	605.416
1230.55	700.224
1232.39	703.017
1234.24	783.826
1236.09	868.633
1237.93	927.437
1239.77	982.241
1241.61	1081.04
1243.46	1157.85
1245.3	1300.66
1247.14	1241.46
1248.97	1332.26
1250.81	1429.06
1252.65	1599.86
1254.48	1688.66
1256.32	1859.46
1258.15	2038.26
1259.99	2117.06
1261.82	2181.86
1263.65	2364.66
1265.48	2501.46
1267.31	2400.26
1269.14	2395.05
1270.97	2363.84
1272.79	2288.64
1274.62	2177.43
1276.44	2112.23
1278.27	2039.02
1280.09	2001.82
1281.91	2108.61
1283.73	1995.4
1285.55	2184.2
1287.37	2270.99
1289.19	2517.78
1291.01	2770.57
1292.82	3303.36
1294.64	3886.15
1296.45	4116.94
1298.27	4333.73
1300.08	4238.52
1301.89	3879.31
1303.7	3568.1
1305.51	3154.89
1307.32	2743.67
1309.13	2454.45
1310.93	2241.23
1312.74	1982.02
1314.55	1760.81
1316.35	1685.59
1318.15	1444.37
1319.96	1323.16
1321.76	1229.95
1323.56	1122.73
1325.36	1071.51
1327.16	920.293
1328.95	835.07
1330.75	813.853
1332.54	774.631
1334.34	665.413
1336.13	798.191
1337.93	788.974
1339.72	733.751
1341.51	770.528
1343.3	731.306
1345.09	650.083
1346.88	622.851
1348.67	591.628
1350.45	544.4
1352.24	501.178
1354.02	487.95
1355.8	512.722
1357.59	479.5
1359.37	428.272
1361.15	491.045
1362.93	497.817
1364.71	550.589
1366.49	605.362
1368.26	606.129
1370.04	590.901
1371.82	561.674
1373.59	520.441
1375.36	473.208
1377.14	451.981
1378.91	416.748
1380.68	353.515
1382.45	344.282
1384.22	299.039
1385.98	315.801
1387.75	288.569
1389.51	303.33
1391.28	322.098
1393.04	346.86
1394.81	355.627
1396.57	364.389
1398.33	431.151
1400.09	495.913
1401.85	526.675
1403.61	635.438
1405.37	552.199
1407.12	720.956
1408.88	659.719
1410.63	754.475
1412.38	825.232
1414.14	955.994
1415.89	1068.75
1417.64	1185.51
1419.39	1286.25
1421.14	1337.01
1422.89	1559.77
1424.63	1784.52
1426.38	2141.28
1428.13	2746.03
1429.87	3424.79
1431.61	4119.54
1433.35	4958.29
1435.1	5651.05
1436.84	5909.8
1438.58	6168.55
1440.31	6013.3
1442.05	5776.05
1443.79	5544.8
1445.53	5491.55
1447.26	5362.3
1448.99	5241.05
1450.73	5131.8
1452.46	4932.54
1454.19	4833.29
1455.92	4594.03
1457.65	4462.77
1459.38	4057.52
1461.11	3746.27
1462.83	3423.01
1464.56	3097.76
1466.28	2798.5
1468.01	2503.24
1469.73	2225.99
1471.45	1960.73
1473.17	1823.47
1474.89	1576.21
1476.61	1430.95
1478.33	1313.69
1480.04	1204.43
1481.76	1069.17
1483.48	1037.91
1485.19	938.649
1486.9	779.386
1488.62	744.127
1490.33	660.864
1492.04	587.6
1493.75	558.326
1495.46	495.063
1497.16	437.794
1498.87	406.53
1500.58	347.267
1502.28	293.999
1503.98	336.729
1505.69	305.466
1507.39	250.197
1509.09	220.928
1510.79	201.66
1512.49	272.39
1514.19	149.122
1515.89	201.854
1517.58	166.579
1519.28	163.311
1520.97	174.037
1522.67	124.768
1524.36	181.494
1526.05	224.221
1527.74	122.946
1529.43	155.663
1531.12	186.389
1532.81	91.1149
1534.49	81.8362
1536.18	106.563
1537.87	151.288
1539.55	150.01
1541.23	42.7299
1542.91	105.451
1544.6	110.178
1546.28	68.8981
1547.96	69.6195
1549.64	116.341
1551.31	33.0561
1552.99	11.7773
1554.67	-5.50122
1556.34	25.214
1558.01	49.9302
1559.69	24.6516
1561.36	27.3668
1563.03	68.083
1564.7	66.7892
1566.37	19.5044
1568.04	68.2206
1569.71	-3.06409
1571.37	53.647
1573.04	0.363281
1574.7	41.0732
1576.36	17.7844
1578.03	48.5005
1579.69	45.2106
1581.35	-32.0782
1583.01	24.6329
1584.67	-2.65698
1586.33	-3.94598
1587.98	-43.2292
1589.64	27.5064
1591.3	24.243
1592.95	2.97437
1594.6	19.7048
1596.26	-9.55853
1597.91	3.17175
1599.56	33.8931
1601.2	-13.3809
1602.86	13.3548
1604.5	-21.9191
1606.15	30.8123
1607.79	-30.4626
1609.44	18.2686
1611.08	-17.0053
1612.73	37.725
1614.37	14.4511
1616.01	73.1772
1617.65	81.9023
1619.29	62.6284
1620.93	111.354
1622.56	140.074
1624.2	138.8
1625.84	143.526
1627.47	164.246
1629.1	146.967
1630.74	173.692
1632.37	192.413
1634	199.123
1635.63	325.843
1637.26	264.564
1638.89	415.285
1640.51	589.999
1642.14	694.72
1643.77	883.441
1645.39	1082.16
1647.01	1438.87
1648.63	1705.59
1650.26	2064.31
1651.88	2397.02
1653.5	2695.74
1655.11	2926.45
1656.73	3007.16
1658.35	2961.88
1659.96	2786.59
1661.58	2473.3
1663.19	2088.01
1664.81	1700.73
1666.42	1335.44
1668.03	984.136
1669.64	798.846
1671.25	547.557
1672.86	434.266
1674.46	382.971
1676.07	257.681
1677.67	206.385
1679.28	239.095
1680.88	147.8
1682.49	172.509
1684.09	133.214
1685.69	123.918
1687.29	86.623
1688.89	71.3279
1690.48	152.026
1692.08	80.7314
1693.68	83.4363
1695.27	70.1349
1696.87	56.8398
1698.46	63.5395
1700.05	32.2382
1701.64	142.928
1703.23	119.627
1704.82	64.3259
1706.41	117.026
1708	101.725
1709.59	114.424
1711.17	105.118
1712.76	155.817
1714.34	190.511
1715.92	213.206
1717.51	247.904
1719.09	274.599
1720.67	289.293
1722.25	377.986
1723.83	400.681
1725.4	449.37
1726.98	486.063
1728.55	510.752
1730.13	583.446
1731.7	602.134
1733.27	618.823
1734.85	661.508
1736.42	656.196
1737.99	628.885
1739.56	631.574
1741.12	626.257
1742.69	590.946
1744.26	507.634
1745.82	512.318
1747.39	405.007
1748.95	361.689
1750.51	320.373
1752.07	273.057
1753.63	237.74
1755.19	198.424
1756.75	141.35
1758.31	81.7761
1759.87	94.2228
1761.42	100.323
1762.98	63.2571
1764.53	62.7046
1766.08	37.86
1767.63	55.9695
1769.19	24.6882
1770.74	60.6248
1772.29	33.6003
1773.83	34.2513
1775.38	47.2079
1776.93	1.43542
1778.47	4.96759
1780.02	-2.12097
1781.56	32.3883
1783.1	38.4495
1784.65	36.557
1786.19	32.4611
1787.73	4.94733
1789.26	-3.88263
1790.8	-30.2635
1792.34	16.0436
1793.88	6.47583
1795.41	-6.3913
1796.95	19.6239
1798.48	-44.6241
1800.01	-0.763184
1801.54	-6.36926
1803.07	-0.573364
1804.6	-4.4895
1806.13	-26.3015
1807.66	-33.7787
1809.19	-23.2897
1810.71	-2.55121
1812.24	0.0737305
1813.76	-26.1076
1815.28	-37.757
1816.81	-26.558
1818.33	10.3595
1819.85	-28.8999
1821.37	-6.07922
1822.88	-26.8368
1824.4	-9.66528
1825.92	-28.2686
1827.43	-39.6373
1828.95	-20.1397
1830.46	-11.3313
1831.98	-8.75177
1833.49	-23.2065
1835	-17.4351
1836.51	-29.6678
1838.02	14.0526
1839.52	22.8537
1841.03	-9.84296
1841.31	-15.9839
1842.96	-7.2937
1844.61	-20.5933
1846.26	-25.9028
1847.91	12.7875
1849.55	-24.5165
1851.2	2.17389
1852.85	-37.1258
1854.49	-8.44073
1856.14	-27.7405
1857.78	10.9447
1859.42	-34.3602
1861.06	-21.6752
1862.7	-26.9791
1864.34	3.70593
1865.98	24.401
1867.62	13.086
1869.26	-14.2189
1870.9	24.4662
1872.53	-10.844
1874.17	11.8422
1875.8	-7.46814
1877.44	29.2168
1879.07	17.9066
1880.7	-17.4135
1882.33	11.2762
1883.96	63.9559
1885.59	-35.3542
1887.22	-22.6734
1888.85	-9.9837
1890.48	12.696
1892.1	39.3807
1893.73	52.0604
1895.35	34.7449
1896.98	15.4246
1898.6	38.1092
1900.22	-9.21533
1901.84	21.4691
1903.47	0.148987
1905.08	-23.1719
1906.7	35.5026
1908.32	-25.813
1909.94	58.8616
1911.55	-16.4582
1913.17	42.2163
1914.79	-9.09912
1916.4	-24.43
1918.01	30.2391
1919.62	14.9183
1921.24	53.593
1922.85	2.27209
1924.46	6.9422
1926.07	13.5833
1927.67	-3.42719
1929.28	-24.4329
1930.89	8.55139
1932.5	-44.4542
1934.1	16.5354
1935.7	-26.4641
1937.31	-15.4797
1938.91	11.5197
1940.51	4.50928
1942.11	29.5087
1943.71	-21.5016
1945.31	5.4978
1946.91	30.4874
1948.51	17.4879
1950.1	6.48267
1951.7	-20.5179
1953.3	-19.5284
1954.89	-8.52356
1956.48	4.47107
1958.08	17.4706
1959.67	28.4662
1961.26	-24.529
1962.85	-19.5343
1964.44	5.47034
1966.03	-27.5349
1967.61	-20.525
1969.2	-17.5303
1970.79	41.4743
1972.37	18.4753
1973.96	13.48
1975.54	4.47986
1977.12	-34.5103
1978.7	18.4896
1980.29	-30.5057
1981.87	-17.5059
1983.45	-10.4949
1985.02	48.5101
1986.6	23.51
1988.18	-21.4802
1989.75	23.525
1991.33	-17.4652
1992.91	-22.4653
1994.48	-1.45013
1996.05	-4.44421
1997.62	30.5708
1999.2	-22.4293
2000.77	-15.4141
2002.34	-10.4091
2003.9	6.61102
2005.47	-0.383789
2007.04	52.6313
2008.61	-12.3627
2010.17	42.6575
2011.74	-20.3374
2013.3	-29.3172
2014.86	-0.307007
2016.42	10.7133
2017.98	-20.2764
2019.55	-53.2604
2021.11	-46.2502
2022.66	-13.2247
2024.22	3.78546
2025.78	-57.1943
2027.34	-56.184
2028.89	24.8414
2030.45	-4.14838
2032	-55.122
2033.55	-64.1065
2035.1	-41.0811
2036.66	-74.071
2038.21	-55.0455
2039.76	-42.03
2041.31	-63.0047
2042.85	-63.9831
2044.4	-66.9576
2045.95	-57.9422
2047.49	-46.9116
2049.04	-87.8963
2050.58	-36.8657
2052.13	-51.8502
2053.67	-78.8297
2055.21	-83.798
2056.75	-44.7775
2058.29	-65.7469
2059.83	-52.7263
2061.37	-75.6957
2062.9	-78.6699
2064.44	-21.6393
2065.98	-58.6186
2067.51	-49.582
2069.04	-26.5563
2070.58	-77.5257
2072.11	-52.4998
2073.64	-37.464
2075.17	-48.4382
2076.7	-77.4025
2078.23	-64.3757
2079.76	-23.34
2081.29	-54.3143
2082.81	-43.2733
2084.34	-56.2475
2085.86	-39.2065
2087.39	-46.1807
2088.91	-43.1388
2090.43	-116.108
2091.96	-41.0721
2093.48	-34.0411
2095	-29.0002
2096.52	-45.9693
2098.03	-36.9232
2099.55	-25.8922
2101.07	-58.8502
2102.58	8.18579
2104.1	-26.7731
2105.61	-13.7371
2107.13	-38.696
2108.64	-25.6599
2110.15	-28.6137
2111.66	-23.5776
2113.17	-2.53052
2114.68	-27.4944
2116.19	-18.4482
2117.7	-45.4122
2119.2	-24.3609
2120.71	8.67529
2122.21	5.71661
2123.72	-45.2363
2125.22	-4.19495
2126.73	-31.1488
2128.23	-24.1076
2129.73	-67.0563
2131.23	-12.0149
2132.73	-36.9637
2134.23	-5.92236
2135.72	19.1351
2137.22	-53.8235
2138.71	-12.7671
2140.21	-13.7258
2141.7	-22.6692
2143.2	-25.628
2144.69	-24.5715
2146.18	-33.5241
2147.67	-32.4675
2149.16	-33.4211
2150.65	-20.3646
2152.14	-27.318
2153.63	-28.2615
2155.12	-19.2152
2156.6	3.84644
2158.09	18.894
2159.57	-18.0444
2161.05	-60.9927
2162.54	-29.9363
2164.02	-72.8846
2165.5	-5.82288
2166.98	-54.7713
2168.46	-37.7095
2169.94	-46.6569
2171.41	-41.59
2172.89	-4.53839
2174.37	-19.4768
2175.84	3.58008
2177.32	56.6417
2178.79	-34.3013
2180.26	-9.23358
2181.74	45.8181
2183.21	20.8849
2184.67	-24.053
2186.14	49.0039
2187.61	-41.9294
2189.08	3.12744
2190.55	-17.8057
2192.01	-14.7018
2193.48	2.45612
2194.94	25.6088
2196.41	-1.23322
2197.87	23.9193
2199.33	-20.9181
2200.79	2.23444
2202.25	15.397
2203.71	-29.4494
2205.17	-20.2867
2206.63	44.8658
2208.08	-1.96716
2209.54	-24.8145
2211	-61.652
2212.45	-38.4948
2213.9	-17.3267
2215.36	-14.1741
2216.81	-31.0071
2218.26	-19.8499
2219.71	7.3172
2221.16	-53.5256
2222.61	-26.3586
2224.05	34.8031
2225.5	-22.0286
2226.95	-28.8715
2228.39	0.300171
2229.84	-42.5428
2231.28	-19.371
2232.72	5.79065
2234.16	8.96228
2235.6	-25.875
2237.05	-22.7079
2238.48	-29.5417
2239.92	-24.3699
2241.36	26.7917
2242.8	-42.0366
2244.23	1.12964
2245.67	2.30133
2247.1	7.46851
2248.54	-11.3698
2249.97	-44.1935
2251.4	-7.02716
2252.83	-49.8511
2254.26	-26.6848
2255.69	0.491455
2257.12	-30.3413
2258.55	-65.165
2259.97	-23.9943
2261.4	-34.8179
2262.82	-7.64722
2264.25	-20.4709
2265.67	-19.3002
2267.09	-42.1194
2268.52	-26.9521
2269.94	-49.7713
2271.36	-8.60052
2272.78	-9.41968
2274.2	-32.2489
2275.61	-51.0636
2277.03	-69.8927
2278.45	-6.71094
2279.86	-49.5357
2281.27	-54.3502
2282.69	-15.1794
2284.1	-21.9941
2285.51	-72.8188
2286.92	-85.6332
2288.33	-28.458
2289.74	-69.2717
2291.15	-10.0961
2292.56	5.08911
2293.97	0.264465
2295.37	-10.5457
2296.78	-9.37024
2298.18	-32.1803
2299.58	-113
2300.99	-7.81415
2302.39	-28.6341
2303.79	-49.4443
2305.19	-40.2643
2306.59	-59.0744
2307.99	-15.8945
2309.39	-6.70459
2310.78	-37.5192
2312.18	-56.3392
2313.57	-67.1448
2314.97	-11.9648
2316.36	-52.7703
2317.75	-61.5859
2319.15	-72.3959
2320.54	-35.2105
2321.93	3.98407
2323.31	-32.827
2324.7	-51.6325
2326.09	-126.448
2327.48	-111.253
2328.86	-126.065
2330.25	-96.8701
2331.63	-53.6799
2333.02	-56.4855
2334.4	106.704
2335.78	-52.0975
2337.16	-54.9083
2338.54	-21.7094
2339.92	-38.5204
2341.3	-57.3203
2342.68	-92.1313
2344.05	-56.9278
2345.43	-41.7387
2346.81	-40.5397
2348.18	-49.346
2349.55	-30.1426
2350.93	-66.9534
2352.3	-13.7488
2353.67	-76.5552
2355.04	-59.3517
2356.41	-32.158
2357.78	-32.9545
2359.14	-63.7563
2360.51	-48.5527
2361.87	-99.3546
2363.24	-50.15
2364.6	-100.952
2365.97	-53.7482
2367.33	-82.5502
2368.69	-85.352
2370.05	-52.1438
2371.41	-28.9456
2372.77	-83.7365
2374.13	-76.5384
2375.49	-63.3302
2376.84	-26.1276
2378.2	-56.9194
2379.55	-13.7167
2380.91	-98.5085
2382.26	-77.3058
2383.61	-80.0922
2384.97	-56.8939
2386.32	-21.6813
2387.67	-12.4786
2389.02	-51.2659
2390.37	-14.0632
2391.71	-88.8459
2393.06	-81.6423
2394.4	-86.4248
2395.75	-37.2222
2397.09	-70.005
2398.44	-48.8023
2399.78	-59.585
2401.12	-42.3778
2402.46	-9.16046
2403.8	-27.9521
2405.14	-56.7349
2406.48	-99.5276
2407.82	-94.3105
2409.15	-43.0986
2410.49	-29.8813
2411.82	-100.67
2413.16	-89.4523
2414.49	-38.2394
2415.82	-5.01764
2417.15	-69.8058
2418.49	-92.5885
2419.81	-11.3721
2421.14	-44.1503
2422.47	-26.9385
2423.8	-39.7157
2425.13	-14.5038
2426.45	-11.2775
2427.78	-38.0656
2429.1	28.6887
2430.42	-34.9498
2431.75	-27.6961
2433.07	0.0621948
2434.39	-14.7713
2435.71	-4.30493
2437.03	-46.6227
2438.35	-58.8072
2439.66	-36.7452
2440.98	-42.2319
2442.3	-16.7405
2443.61	-16.1597
2444.92	-51.8887
2446.24	8.53674
2447.55	17.5897
2448.86	44.4036
2450.17	-18.0695
2451.48	-13.5255
2452.79	-50.4746
2454.1	-31.9047
2455.41	-48.0847
2456.71	-78.6002
2458.02	-96.3703
2459.32	-74.9568
2460.63	-30.5698
2461.93	-67.7513
2463.23	-45.1909
2464.53	-56.0193
2465.83	-38.5439
2467.14	-45.9729
2468.43	-60.3669
2469.73	-73.7883
2471.03	-96.4599
2472.33	-73.0984
2473.62	-7.55743
2474.92	-28.6548
2476.21	-65.6848
2477.5	-80.8317
2478.8	-63.4693
2480.09	-14.3663
2481.38	-55.3672
2482.67	-33.8351
2483.96	-50.671
2485.25	-19.213
2486.53	-42.9225
2487.82	-30.8823
2489.1	29.6792
2490.39	1.46637
2491.67	-11.6941
2492.96	-99.244
2494.24	-53.5535
2495.52	-52.0658
2496.8	-58.4963
2498.08	-78.6717
2499.36	-80.473
2500.64	-57.6013
2501.53	-45.381
2502.95	-50.1121
2504.37	-50.8525
2505.79	-29.5836
2507.21	-14.3148
2508.63	-9.04602
2510.05	-21.7762
2511.46	-68.5029
2512.88	-7.23395
2514.3	-87.9653
2515.71	-72.6919
2517.13	-91.422
2518.54	-106.149
2519.95	-12.8753
2521.37	2.39337
2522.78	-26.3433
2524.19	-31.0688
2525.6	-75.7955
2527.01	-48.522
2528.41	-59.2442
2529.82	12.0291
2531.23	-10.6965
2532.64	-71.4231
2534.04	-38.1451
2535.44	-78.8672
2536.85	-47.594
2538.25	-32.315
2539.66	-63.0516
2541.06	-39.7737
2542.46	-52.4958
2543.86	-17.218
2545.26	-25.939
2546.66	17.3389
2548.06	-15.3832
2549.45	-26.1006
2550.85	-50.8229
2552.25	-35.5439
2553.64	1.73865
2555.03	31.0211
2556.43	0.289001
2557.82	-4.42853
2559.22	-7.1496
2560.61	36.1328
2562	-17.6175
2563.39	-3.11169
2564.78	-2.60565
2566.17	37.9011
2567.55	46.4028
2568.94	-3.09131
2570.33	71.4146
2571.71	23.9162
2573.1	28.4231
2574.48	42.9146
2575.86	7.41638
2577.25	65.9222
2578.63	96.4238
2580.01	34.9265
2581.39	51.428
2582.77	47.9298
2584.15	122.431
2585.53	52.9331
2586.91	85.4357
2588.28	131.933
2589.66	120.435
2591.04	166.926
2592.41	153.424
2593.78	163.922
2595.16	222.424
2596.53	200.921
2597.9	141.418
2599.27	177.917
2600.64	156.414
2602.01	150.912
2603.38	187.409
2604.75	159.907
2606.12	158.405
2607.48	182.888
2608.85	163.386
2610.21	183.879
2611.58	196.376
2612.94	166.87
2614.31	193.368
2615.67	207.861
2617.03	228.354
2618.39	190.847
2619.75	193.341
2621.11	219.834
2622.47	214.327
2623.82	164.816
2625.18	229.299
2626.54	161.794
2627.89	178.283
2629.25	138.776
2630.6	175.265
2631.95	231.753
2633.31	240.248
2634.66	242.737
2636.01	227.226
2637.36	241.714
2638.71	196.203
2640.06	214.693
2641.41	217.172
2642.75	256.412
2644.1	227.656
2645.45	268.901
2646.79	240.14
2648.14	309.374
2649.48	256.614
2650.82	325.854
2652.16	315.094
2653.51	342.328
2654.85	285.569
2656.19	324.808
2657.53	310.048
2658.86	359.274
2660.2	290.514
2661.54	385.754
2662.87	340.989
2664.21	388.22
2665.55	327.46
2666.88	332.695
2668.21	327.93
2669.54	409.157
2670.88	342.396
2672.21	375.632
2673.54	456.868
2674.87	398.094
2676.2	437.329
2677.52	468.56
2678.85	455.797
2680.18	443.022
2681.5	454.253
2682.83	443.489
2684.15	436.721
2685.48	393.946
2686.8	483.178
2688.12	452.409
2689.44	461.641
2690.76	500.872
2692.08	582.093
2693.4	561.326
2694.72	520.557
2696.04	589.788
2697.35	583.005
2698.67	584.237
2699.99	637.468
2701.3	700.695
2702.62	747.917
2703.93	805.144
2705.24	774.371
2706.55	903.598
2707.86	952.816
2709.17	956.043
2710.48	935.27
2711.79	1044.5
2713.1	1053.71
2714.41	1108.94
2715.71	1112.16
2717.02	1221.39
2718.32	1148.6
2719.63	1225.83
2720.93	1191.05
2722.23	1158.28
2723.54	1245.5
2724.84	1246.72
2726.14	1225.94
2727.44	1339.16
2728.74	1316.38
2730.03	1219.6
2731.33	1252.82
2732.63	1166.04
2733.92	1141.25
2735.22	1112.47
2736.52	981.696
2737.81	956.915
2739.1	892.133
2740.39	851.343
2741.68	868.561
2742.98	841.784
2744.27	741.003
2745.56	718.212
2746.84	749.426
2748.13	718.644
2749.42	607.864
2750.71	661.072
2751.99	664.287
2753.27	489.501
2754.56	584.72
2755.84	573.924
2757.12	547.139
2758.41	548.358
2759.69	523.572
2760.97	550.776
2762.25	517.991
2763.53	493.206
2764.8	430.416
2766.08	427.62
2767.36	526.834
2768.63	524.045
2769.91	533.259
2771.18	450.469
2772.46	513.675
2773.73	514.885
2775	580.095
2776.27	489.304
2777.54	558.505
2778.81	523.715
2780.08	516.925
2781.35	558.136
2782.62	581.336
2783.89	584.546
2785.15	623.752
2786.42	632.963
2787.68	588.159
2788.94	643.364
2790.21	660.575
2791.47	701.781
2792.73	732.977
2793.99	774.182
2795.25	767.389
2796.51	730.595
2797.77	759.79
2799.03	828.996
2800.29	890.203
2801.54	919.405
2802.8	878.6
2804.05	887.803
2805.31	995.008
2806.56	1022.21
2807.81	997.401
2809.06	1060.6
2810.31	1103.81
2811.57	1123.01
2812.82	1164.21
2814.06	1249.4
2815.31	1252.6
2816.56	1375.8
2817.81	1447.01
2819.05	1522.19
2820.3	1603.39
2821.54	1680.59
2822.78	1795.79
2824.03	1910.98
2825.27	2054.18
2826.51	2205.38
2827.75	2398.57
2828.99	2681.76
2830.23	2916.96
2831.47	3062.16
2832.71	3413.35
2833.94	3720.54
2835.18	3963.74
2836.41	4396.93
2837.65	4908.13
2838.88	5619.31
2840.12	6548.51
2841.35	7639.7
2842.58	9076.91
2843.81	10742
2845.04	12677.3
2846.27	14364.5
2847.5	16035.6
2848.73	17024.8
2849.95	17520
2851.18	17249.2
2852.4	16910.4
2853.63	16193.6
2854.85	15358.8
2856.08	14830
2857.3	14237.2
2858.52	13870.4
2859.74	13569.5
2860.96	13420.7
2862.18	13048
2863.4	12701.1
2864.62	12396.3
2865.84	12231.5
2867.05	12076.6
2868.27	12145.8
2869.48	12259.1
2870.7	12640.2
2871.91	13047.4
2873.12	13494.6
2874.33	13955.7
2875.55	14202.9
2876.76	14590.2
2877.97	14967.3
2879.18	15342.5
2880.38	15839.7
2881.59	16008.8
2882.8	16554
2884	16601.2
2885.21	16526.3
2886.41	16479.6
2887.62	16320.8
2888.82	16309.9
2890.02	15947.1
2891.22	15876.3
2892.42	15629.4
2893.62	15638.6
2894.82	15491.8
2896.02	15374.9
2897.22	15412.2
2898.42	15205.4
2899.61	14920.6
2900.81	15083.7
2902	14800.9
2903.2	14790.1
2904.39	14545.2
2905.58	14350.4
2906.77	14231.6
2907.96	13986.7
2909.15	13931.9
2910.34	13755.1
2911.53	13448.2
2912.72	13343.5
2913.91	13336.7
2915.09	13013.8
2916.28	13197
2917.46	13124.2
2918.65	13159.3
2919.83	13102.5
2921.01	13285.7
2922.2	13290.8
2923.38	13268
2924.56	13099.2
2925.74	13074.3
2926.91	13201.5
2928.09	13294.7
2929.27	13095.8
2930.45	13215
2931.62	13092.2
2932.8	13131.3
2933.97	13056.5
2935.15	12987.7
2936.32	12822.8
2937.49	12786
2938.66	12343.2
2939.83	12010.4
2941	11483.5
2942.17	10926.7
2943.34	10345.9
2944.51	9516.98
2945.67	9114.17
2946.84	8607.37
2948	8154.48
2949.17	7883.65
2950.33	7620.81
2951.49	7397.98
2952.66	7327.14
2953.82	7182.3
2954.98	7389.46
2956.14	7342.63
2957.3	7423.78
2958.46	7486.94
2959.61	7552.1
2960.77	7457.27
2961.93	7498.43
2963.08	7473.58
2964.24	7336.74
2965.39	7203.9
2966.54	7035.06
2967.7	6876.21
2968.85	6763.37
2970	6466.53
2971.15	6529.69
2972.3	6306.84
2973.45	6130
2974.59	5967.16
2975.74	5846.32
2976.89	5847.47
2978.03	5562.62
2979.18	5551.78
2980.32	5390.93
2981.46	5244.08
2982.61	5165.24
2983.75	4918.39
2984.89	4805.55
2986.03	4728.69
2987.17	4447.85
2988.31	4247
2989.44	4038.16
2990.58	3901.3
2991.72	3800.46
2992.85	3699.61
2993.99	3496.76
2995.12	3505.9
2996.26	3223.06
2997.39	3192.21
2998.52	3225.36
2999.65	3252.5
3000.78	3259.65
3001.91	3236.8
3003.04	3293.95
3004.17	3383.1
3005.3	3400.77
3006.42	3457.68
3007.55	3518.82
3008.68	3693.33
3009.8	3608.69
3010.92	3700.72
3012.04	3555.82
3013.17	3590.16
3014.29	3538.26
3015.41	3404.55
3016.53	3280.54
3017.65	3212.15
3018.77	3061.77
3019.88	2953.47
3021	2781.27
3022.12	2678.91
3023.23	2494.81
3024.35	2528.75
3025.46	2497.02
3026.57	2414.78
3027.69	2434.66
3028.8	2387.31
3029.91	2428.61
3031.02	2456.44
3032.13	2392.69
3033.23	2390.33
3034.34	2485.58
3035.45	2461.27
3036.55	2434.84
3037.66	2396.03
3038.77	2362.12
3039.87	2337.88
3040.97	2287.97
3042.07	2169.19
3043.18	2067.42
3044.28	2008.56
3045.38	1921.83
3046.48	1807.02
3047.58	1715.99
3048.67	1656.19
3049.77	1570.65
3050.87	1456.49
3051.96	1332.99
3053.06	1235.65
3054.15	1171.65
3055.24	1132.82
3056.34	1054.34
3057.43	1039.18
3058.52	994.287
3059.61	919.187
3060.7	824.023
3061.79	721.809
3062.87	732.938
3063.96	650.637
3065.05	667.289
3066.13	624.049
3067.22	591.107
3067.8	586.111
3069.03	490.835
3070.26	497.57
3071.49	440.294
3072.71	349.014
3073.94	399.748
3075.16	352.469
3076.39	313.193
3077.61	267.913
3078.84	248.648
3080.06	205.367
3081.28	256.088
3082.5	184.818
3083.73	185.542
3084.94	176.258
3086.16	126.978
3087.38	163.709
3088.6	160.429
3089.82	91.1483
3091.04	119.869
3092.25	42.5946
3093.47	63.3154
3094.68	94.0308
3095.9	64.7605
3097.11	81.4772
3098.32	78.1925
3099.54	46.9133
3100.75	69.6388
3101.96	52.3553
3103.17	27.0687
3104.37	23.782
3105.58	40.5085
3106.79	9.22406
3108	13.9405
3109.21	24.666
3110.41	-16.6188
3111.62	-37.9052
3112.82	-63.196
3114.03	-28.4725
3115.23	-49.7533
3116.43	6.95404
3117.64	-32.3306
3118.84	-61.6113
3120.04	-4.89197
3121.24	-52.1827
3122.44	0.536438
3123.64	-42.7543
3124.83	-28.0442
3126.03	-37.33
3127.23	-2.61078
3128.43	-5.89954
3129.62	-65.1964
3130.81	-48.4815
3132.01	-25.7623
3133.2	-79.0573
3134.39	-100.352
3135.59	-1.62598
3136.78	-50.918
3137.97	-52.213
3139.16	-65.5079
3140.35	-32.783
3141.54	-48.079
3142.72	-95.3771
3143.91	-78.6622
3145.1	-41.9472
3146.28	-11.2474
3147.47	-58.5414
3148.66	-71.8265
3149.84	-7.11566
3151.02	-40.4149
3152.21	-61.7098
3153.39	-60.9992
3154.57	-52.2933
3155.75	-13.5895
3156.93	-30.8768
3158.11	-4.17603
3159.29	-87.4652
3160.47	-28.7645
3161.64	-6.05798
3162.82	-41.3552
3163.99	-42.6608
3165.17	-23.95
3166.34	-97.2434
3167.52	-60.5427
3168.69	-19.8462
3169.86	0.870422
3171.04	-28.4289
3172.21	-33.7324
3173.38	-49.0359
3174.55	-52.3193
3175.72	-35.6229
3176.89	-6.92633
3178.05	15.7661
3179.22	-13.5175
3180.39	-32.821
3181.55	-2.12866
3182.72	4.57782
3183.88	-14.7198
3185.05	3.97662
3186.21	-9.33112
3187.37	-46.6287
3188.53	34.0735
3189.69	42.7657
3190.86	23.4722
3192.01	10.1603
3193.17	10.8525
3194.33	39.5548
3195.49	10.2571
3196.65	8.94946
3197.8	-10.3627
3198.96	22.3397
3200.11	-14.9623
3201.27	-0.798157
3202.42	1.09418
3203.58	25.0038
3204.73	-67.1037
3205.88	8.78882
3207.03	74.681
3208.18	40.5934
3209.33	50.4858
3210.48	36.3782
3211.63	-41.7294
3212.77	20.1855
3213.92	-15.9219
3215.07	-4.02966
3216.21	11.8754
3217.36	27.7778
3218.5	11.6729
3219.65	25.5653
3220.79	31.4703
3221.93	-18.6247
3223.07	-18.7296
3224.21	23.1653
3225.35	39.0704
3226.49	-17.0344
3227.63	-33.1294
3228.77	34.7756
3229.91	28.6708
3231.04	6.56842
3232.18	34.4736
3233.32	18.3784
3234.45	-3.72375
3235.58	44.174
3236.72	2.08905
3237.85	45.9867
3238.98	21.8845
3240.11	-20.2178
3241.24	3.69989
3242.37	45.5975
3243.5	113.495
3244.63	13.3932
3245.76	25.3108
3246.89	57.2086
3248.01	7.10895
3249.14	43.0168
3250.27	52.9244
3251.39	20.8248
3252.51	16.7252
3253.64	8.63312
3254.76	-15.4667
3255.88	-17.5562
3257	-13.6559
3258.12	14.2546
3259.24	12.155
3260.36	58.0653
3261.48	9.97583
3262.6	11.8763
3263.71	37.7792
3264.83	3.68964
3265.94	15.6027
3267.06	71.5031
3268.17	35.4063
3269.29	73.3166
3270.4	105.23
3271.51	47.1328
3272.63	63.0331
3273.74	30.9563
3274.85	32.8593
3275.95	60.7651
3277.06	114.668
3278.17	40.5912
3279.28	-19.5056
3280.39	-9.60266
3281.49	10.3031
3282.6	46.2263
3283.7	6.13202
3284.81	82.035
3285.91	9.95087
3287.01	39.8566
3288.11	51.7723
3289.22	45.6753
3290.32	53.5911
3291.42	33.497
3292.52	67.4125
3293.61	59.3311
3294.71	43.2369
3295.81	29.1426
3296.91	45.0583
3298	-23.0233
3299.1	6.88251
3300.19	24.791
3301.29	6.7066
3302.38	18.6252
3303.47	-15.4664
3304.56	38.442
3305.65	66.3704
3306.74	4.27881
3307.83	36.1873
3308.92	28.0958
3310.01	12.024
3311.1	11.9326
3312.19	-40.1591
3313.27	9.75208
3314.36	27.6705
3315.44	-0.408447
3316.53	21.5001
3317.61	27.4211
3318.69	1.33221
3319.77	21.2534
3320.86	57.1617
3321.94	21.0828
3323.02	74.994
3324.1	42.915
3325.18	22.8262
3326.25	2.74994
3327.33	-21.339
3328.41	48.5822
3329.48	42.5059
3330.56	-43.583
3331.63	44.3309
3332.71	2.25189
3333.78	40.1757
3334.85	34.0895
3335.93	-9.99945
3336.99	99.9371
3338.07	-48.152
3339.14	-14.2381
3340.21	31.6757
3341.27	-38.3879
3342.34	25.5259
3343.41	27.4396
3344.47	-2.64386
3345.54	29.28
3346.61	-10.7964
3347.67	37.1202
3348.73	-52.9533
3349.8	-3.03961
3350.86	6.88678
3351.92	-7.19678
3352.98	-5.27026
3354.04	100.646
3355.1	16.5725
3356.16	60.4891
3357.22	-35.5844
3358.27	50.3346
3359.33	-23.7389
3360.39	-15.8124
3361.44	-27.8932
3362.5	12.0231
3363.55	-40.0478
3364.61	-20.1213
3365.66	29.798
3366.71	7.71692
3367.76	9.64612
3368.81	41.5752
3369.86	63.4944
3370.91	53.4135
3371.96	33.3426
3373.01	19.2718
3374.05	-0.806458
3375.1	57.1126
3376.14	13.0446
3377.19	40.9736
3378.24	-7.10718
3379.28	-21.1755
3380.32	30.7463
3381.36	110.678
3382.41	20.5972
3383.45	-17.4709
3384.49	64.4509
3385.53	46.3827
3386.57	-17.6956
3387.6	-27.761
3388.64	40.1608
3389.68	56.0927
3390.71	34.027
3391.75	27.9489
3392.78	41.8734
3393.82	-42.1949
3394.85	15.7396
3395.88	31.6642
3396.92	77.5859
3397.95	37.5204
3398.98	75.4548
