40.3804	28254
45.02	29184.3
49.653	43732.6
54.2816	64578.8
58.9057	94355.1
63.5254	108993
68.1428	98845.7
72.7558	88603.9
77.3623	82636.2
81.9644	74254.5
86.5642	65030.8
91.1596	56083.1
95.7506	50321.3
100.337	44949.6
104.917	40793.9
109.495	36834.2
114.069	32850.5
118.636	29150.7
123.203	26385
127.763	24139.3
132.319	22265.6
136.869	20263.8
141.418	18914.1
145.959	17478.4
150.5	16190.7
155.034	15241
159.564	14753.2
164.09	14241.5
168.612	14195.8
173.131	14140.1
177.644	14102.4
182.152	14660.6
186.654	14822.9
191.156	15135.2
195.652	15289.5
200.143	15931.7
204.632	16540
209.113	16866.3
213.592	17386.6
218.066	17934.9
222.536	18073.1
227.004	18073.4
231.463	17417.7
235.922	16736
240.375	15824.2
244.824	15002.5
249.267	14296.8
253.707	13497.1
258.143	12731.4
262.575	12101.6
267.003	11473.9
271.424	10860.2
275.843	10364.5
280.256	10148.8
284.667	10119
289.074	9765.31
293.474	9771.59
297.87	9147.87
302.262	8844.14
306.65	8578.42
311.036	8556.7
315.416	8174.98
319.789	8143.26
324.16	8045.54
328.529	8117.81
332.89	8054.09
337.249	8032.37
341.602	8322.65
345.954	8066.93
350.298	7741.21
354.639	7275.48
358.975	6885.76
363.307	6454.04
367.635	5952.32
371.958	5796.6
376.278	5846.88
380.594	5751.15
384.905	5933.43
389.213	6397.71
393.512	6821.99
397.811	7326.27
402.104	7274.55
406.393	6872.82
410.68	6973.1
414.959	6879.38
419.236	7173.66
423.507	7207.94
427.775	7136.22
432.038	6916.49
436.299	6390.77
440.553	6301.05
444.802	6695.33
449.049	6233.61
453.291	6305.89
457.528	6258.16
461.762	5984.44
465.991	5808.72
470.215	5511
474.438	5237.28
478.652	5255.56
482.865	5113.83
487.071	5138.11
491.273	5118.39
495.474	5338.67
499.667	5362.95
503.857	5541.23
508.044	5505.5
512.227	5143.78
516.403	5114.06
520.576	4924.34
524.745	4674.62
528.91	4818.9
533.071	4811.17
537.224	4767.45
541.377	4605.73
545.522	4548.01
549.667	4624.29
553.804	4598.57
557.938	4730.84
562.067	4829.12
566.195	5113.4
570.316	5419.68
574.432	5705.96
578.544	6154.24
582.654	6992.51
586.758	7652.79
590.858	8403.07
594.953	9257.35
599.043	9903.63
603.13	10397.9
607.215	10016.2
611.292	9882.46
615.365	10102.7
619.436	10699
623.499	11677.3
627.561	12549.6
631.619	12305.9
635.673	11226.1
639.719	10080.4
643.763	9510.69
647.801	8748.97
651.838	8015.25
655.869	7537.52
659.896	6923.8
663.917	6592.08
667.937	6136.36
671.95	5906.64
675.958	5532.92
679.964	5331.19
683.963	5039.47
687.961	4787.75
691.952	4672.03
695.941	4652.31
699.924	4580.59
703.904	4636.86
707.88	4551.14
711.85	4677.42
715.816	4713.7
719.777	4871.98
723.738	5048.26
727.689	5118.54
731.64	5302.81
735.586	5369.09
739.526	5349.37
743.462	5637.65
747.393	5435.93
751.32	5632.21
755.245	5684.48
759.165	5602.76
763.079	5593.04
766.989	5497.32
770.897	5685.6
774.798	5891.88
778.695	6354.15
782.591	6368.43
786.479	6558.71
790.363	6678.99
794.244	6959.27
798.121	7019.55
801.992	7249.82
805.859	7850.1
809.724	8768.38
813.582	10070.7
817.437	11356.9
821.288	12637.2
825.134	13739.5
828.976	15093.8
832.816	16648
836.649	17898.3
840.476	18556.6
844.302	18174.9
848.122	18047.2
851.938	18461.4
855.751	18913.7
859.558	20280
863.362	21852.3
867.16	22702.6
870.955	21608.8
874.746	19687.1
878.533	18759.4
882.315	19369.7
886.092	21213.9
889.865	22774.2
893.634	23066.5
897.4	21452.8
901.16	19069.1
904.915	17197.3
908.668	15861.6
912.416	15251.9
916.161	14620.2
919.899	13926.5
923.635	13112.7
927.365	12475
931.091	11703.3
934.814	10911.6
938.531	10273.8
942.245	9962.12
945.954	9674.4
949.659	9510.68
953.36	9510.96
957.056	9461.24
960.749	9595.51
964.436	9545.79
968.12	9268.98
971.8	8913.63
975.475	9003.11
979.147	9481.66
982.813	9304.34
986.475	9194.92
990.133	9165.56
993.788	9068.35
997.437	9077.07
1001.08	9245.8
1004.72	9566.72
1008.36	10317
1011.99	10877.2
1015.62	11228
1019.25	11596.2
1022.86	12059.1
1026.48	12499.2
1030.09	12882.9
1033.7	13462.2
1037.3	14106.9
1040.9	14457.7
1044.49	14391
1048.08	14307.2
1051.67	14744.1
1055.25	15412.6
1058.83	16518.6
1062.4	16921.7
1065.97	16440.2
1067.25	16181.2
1071.1	15612.2
1074.95	15799.2
1078.8	14906.2
1082.64	13035.2
1086.48	12078.2
1090.32	11873.2
1094.15	12228.2
1097.98	13205.2
1101.8	14192.2
1105.62	15881.2
1109.44	17526.2
1113.25	18883.2
1117.06	18334.2
1120.87	15129.2
1124.67	11344.2
1128.47	8673.25
1132.26	7622.25
1136.06	7247.26
1139.84	7164.26
1143.63	7327.27
1147.41	7300.27
1151.18	7227.27
1154.95	6904.28
1158.72	6645.28
1162.49	6550.29
1166.25	6407.29
1170.01	6230.29
1173.76	6183.3
1177.51	5922.3
1181.26	5753.31
1185	5708.31
1188.74	5681.31
1192.47	5546.32
1196.21	5563.32
1199.93	5612.33
1203.66	5563.33
1207.38	5704.33
1211.09	5873.34
1214.81	6126.34
1218.52	6311.35
1222.22	6570.35
1225.92	6727.35
1229.62	6674.36
1233.32	6635.36
1237.01	6948.37
1240.69	7399.37
1244.38	7886.37
1248.06	8309.38
1251.73	8560.38
1255.4	8977.39
1259.07	9368.39
1262.73	9713.39
1266.4	10082.4
1270.05	10245.4
1273.71	10606.4
1277.35	10665.4
1281	10928.4
1284.64	11217.4
1288.28	11766.4
1291.92	13021.4
1295.55	15334.4
1299.17	17641.4
1302.8	18766.4
1306.42	17669.4
1310.03	15090.4
1313.64	12877.4
1317.25	10782.5
1320.86	9357.46
1324.46	8202.46
1328.06	7663.47
1331.65	7480.47
1335.24	7513.47
1338.82	7686.48
1342.41	7585.48
1345.98	7722.49
1349.56	7711.49
1353.13	7508.49
1356.7	7407.5
1360.26	7566.5
1363.82	7793.5
1367.38	7734.51
1370.93	7339.51
1374.48	7156.52
1378.02	6891.52
1381.56	6646.52
1385.1	6563.53
1388.63	6588.53
1392.16	6805.54
1395.69	6840.54
1399.21	7201.54
1402.73	7478.55
1406.24	7837.55
1409.75	9074.56
1413.26	10899.6
1416.76	12876.6
1420.27	13899.6
1423.76	14416.6
1427.25	16307.6
1430.74	19992.6
1434.23	25211.6
1437.71	29316.6
1441.18	30077.6
1444.66	29292.6
1448.13	28153.6
1451.59	27100.6
1455.06	26639.6
1458.52	24890.6
1461.97	21481.6
1465.42	18038.6
1468.87	15137.6
1472.31	12426.6
1475.75	10207.6
1479.19	8596.64
1482.62	7619.64
1486.05	6898.64
1489.47	6367.65
1492.89	5952.65
1496.31	5727.66
1499.72	5544.66
1503.13	5389.66
1506.54	5166.67
1509.94	4925.67
1513.34	4954.68
1516.73	4821.68
1520.12	4616.68
1523.51	4681.69
1526.89	4558.69
1530.28	4511.7
1533.65	4468.7
1537.02	4235.7
1540.39	4268.71
1543.76	4211.71
1547.12	4142.72
1550.47	4097.72
1553.83	3812.72
1557.18	3907.73
1560.52	3828.73
1563.87	3909.74
1567.2	3836.74
1570.54	3677.74
1573.87	3720.75
1577.2	3641.75
1580.52	3664.76
1583.84	3613.76
1587.16	3536.76
1590.47	3601.77
1593.78	3494.77
1597.08	3485.77
1600.38	3606.78
1603.68	3471.78
1606.97	3510.79
1610.26	3423.79
1613.55	3446.8
1616.83	3455.8
1620.11	3478.8
1623.38	3435.81
1626.65	3474.81
1629.92	3533.81
1633.18	3506.82
1636.44	3463.82
1639.7	3442.83
1642.95	3365.83
1646.2	3454.83
1649.44	3503.84
1652.69	3496.84
1655.92	3531.85
1659.16	3466.85
1662.39	3455.85
1665.61	3590.86
1668.83	3497.86
1672.05	3562.87
1675.27	3601.87
1678.48	3572.87
1681.68	3567.88
1684.89	3622.88
1688.09	3671.89
1691.28	3802.89
1694.48	3941.89
1697.66	4044.9
1700.85	4181.9
1704.03	4206.91
1707.21	4329.91
1710.38	4454.91
1713.55	4713.92
1716.72	5124.92
1719.88	5733.93
1723.04	6632.93
1726.19	8537.93
1729.34	11570.9
1732.49	15343.9
1735.63	19272.9
1738.77	22116
1741.91	22711
1745.04	21638
1748.17	19785
1751.29	17090
1754.41	14033
1757.53	11076.7
1760.64	8625.38
1763.75	7044.19
1766.86	5775.74
1769.96	5107.27
1773.06	4589.27
1776.15	4315.2
1779.25	4119.92
1782.33	3995.38
1785.42	3856.7
1788.5	3715.33
1791.57	3670.98
1794.64	3632.14
1797.71	3624.62
1800.78	3487.1
1803.84	3537.88
1806.89	3445.31
1809.95	3440.06
1813	3352.66
1816.04	3332.69
1819.09	3355.75
1822.12	3344.89
1825.16	3322.09
1828.19	3300.49
1831.22	3212.57
1834.24	3247.28
1837.26	3202.43
1840.28	3105.13
1840.48	3094.31
1843.78	3232.38
1847.08	3204.46
1850.38	3284.53
1853.67	3230.6
1856.96	3198.67
1860.24	3166.74
1863.52	3230.81
1866.8	3194.88
1870.08	3238.95
1873.35	3203.02
1876.62	3191.09
1879.89	3193.16
1883.15	3195.23
1886.41	3247.3
1889.66	3281.37
1892.92	3255.44
1896.17	3215.51
1899.41	3293.58
1902.65	3255.65
1905.89	3179.72
1909.13	3175.79
1912.36	3237.86
1915.59	3215.93
1918.82	3116
1922.04	3264.07
1925.26	3266.14
1928.48	3218.21
1931.69	3210.28
1934.9	3148.35
1938.11	3254.42
1941.31	3242.49
1944.51	3226.56
1947.71	3210.63
1950.9	3214.7
1954.09	3264.77
1957.28	3272.84
1960.46	3298.91
1963.64	3300.98
1966.82	3351.05
1969.99	3275.12
1973.16	3331.19
1976.33	3453.26
1979.49	3383.33
1982.66	3353.4
1985.81	3463.47
1988.97	3477.54
1992.12	3415.61
1995.27	3495.68
1998.41	3469.75
2001.55	3475.82
2004.69	3513.89
2007.82	3557.96
2010.95	3468.03
2014.08	3478.1
2017.21	3484.17
2020.33	3480.24
2023.44	3504.31
2026.56	3394.38
2029.67	3476.46
2032.78	3436.52
2035.88	3406.6
2038.98	3426.67
2042.08	3378.74
2045.18	3462.81
2048.27	3408.88
2051.35	3410.95
2054.44	3423.02
2057.52	3425.09
2060.6	3381.16
2063.67	3429.23
2066.74	3383.3
2069.81	3455.37
2072.88	3413.44
2075.94	3459.51
2079	3521.58
2082.05	3591.65
2085.1	3639.72
2088.15	3609.79
2091.19	3607.86
2094.24	3639.93
2097.27	3688
2100.31	3646.07
2103.34	3742.14
2106.37	3634.21
2109.39	3810.28
2112.42	3748.35
2115.44	3718.42
2118.45	3828.49
2121.46	3772.56
2124.47	3794.63
2127.48	3808.7
2130.48	3758.77
2133.48	3818.84
2136.47	3782.91
2139.46	3816.98
2142.45	3827.05
2145.43	3819.12
2148.42	3813.19
2151.4	3819.26
2154.37	3789.33
2157.34	3819.4
2160.31	3799.47
2163.28	3797.54
2166.24	3803.61
2169.2	3817.68
2172.15	3967.75
2175.1	3877.82
2178.05	3961.89
2181	3975.96
2183.94	3922.03
2186.88	3924.1
2189.81	4094.17
2192.75	4062.24
2195.68	4030.31
2198.6	4000.38
2201.52	4002.45
2204.44	4008.52
2207.36	4024.6
2210.27	4028.66
2213.18	4040.74
2216.08	4050.8
2218.98	4074.88
2221.88	4122.95
2224.78	4133.02
2227.67	4113.09
2230.56	4089.16
2233.44	4061.23
2236.32	4101.3
2239.2	4143.37
2242.08	4149.44
2244.95	4039.51
2247.82	4123.58
2250.68	4179.65
2253.55	4185.72
2256.4	4201.79
2259.26	4115.86
2262.11	4239.93
2264.96	4190
2267.81	4218.07
2270.65	4236.14
2273.49	4272.21
2276.32	4258.28
2279.15	4240.35
2281.98	4216.42
2284.81	4172.49
2287.63	4232.56
2290.45	4334.63
2293.26	4284.7
2296.08	4316.77
2298.88	4190.84
2301.69	4324.91
2304.49	4238.98
2307.29	4237.05
2310.08	4259.12
2312.88	4311.19
2315.66	4311.26
2318.45	4291.33
2321.23	4227.4
2324.01	4221.47
2326.79	4235.54
2329.56	4123.61
2332.32	4281.68
2335.09	4323.75
2337.85	4325.82
2340.61	4447.89
2343.36	4343.96
2346.12	4340.03
2348.86	4424.1
2351.61	4402.17
2354.35	4420.24
2357.09	4418.31
2359.83	4332.38
2362.56	4392.45
2365.29	4312.52
2368.01	4378.59
2370.73	4352.66
2373.45	4334.73
2376.17	4324.8
2378.88	4428.88
2381.59	4440.94
2384.29	4435.02
2386.99	4469.08
2389.69	4531.16
2392.38	4499.23
2395.08	4527.3
2397.76	4587.37
2400.45	4583.44
2403.13	4565.51
2405.81	4575.58
2408.48	4599.65
2411.15	4639.72
2413.82	4705.79
2416.49	4733.86
2419.15	4643.93
2421.81	4768
2424.46	4828.07
2427.11	4662.14
2429.76	4735.94
2432.41	4758.24
2435.05	4837.24
2437.69	4889.66
2440.32	4818.1
2442.95	4825.42
2445.58	4858.87
2448.21	4842.35
2450.83	4872.86
2453.45	4900.57
2456.06	4834.64
2458.67	4834.2
2461.28	4839.77
2463.88	4828.37
2466.49	4843.83
2469.08	4873.29
2471.68	4905.31
2474.27	4884.13
2476.86	4829.49
2479.44	4923.17
2482.02	4916.36
2484.6	4912.31
2487.17	4932.6
2489.75	4936.53
2492.31	4976.46
2494.88	4990.36
2497.44	4958.49
2500	4936.05
2502.24	4876.65
2505.08	5009.06
2507.92	4955.46
2510.76	5049.86
2513.59	4974.27
2516.42	5022.67
2519.25	5005.08
2522.07	5061.48
2524.89	5113.89
2527.71	5028.29
2530.53	5030.69
2533.34	5133.1
2536.15	5137.5
2538.95	5217.91
2541.76	5284.31
2544.56	5274.72
2547.36	5355.12
2550.15	5411.52
2552.94	5443.93
2555.73	5428.33
2558.52	5440.74
2561.3	5487.14
2564.08	5519.54
2566.86	5531.95
2569.63	5398.35
2572.41	5540.76
2575.17	5537.16
2577.94	5601.57
2580.7	5533.97
2583.46	5784.37
2586.22	5710.78
2588.97	5863.18
2591.72	5957.59
2594.47	6043.99
2597.22	6010.4
2599.96	6134.8
2602.7	6211.2
2605.43	6221.61
2608.17	6182.01
2610.9	6180.42
2613.62	6120.82
2616.35	6079.22
2619.07	5945.63
2621.79	6166.03
2624.5	6164.44
2627.22	6160.84
2629.93	6153.25
2632.63	6099.65
2635.33	6262.05
2638.04	6142.46
2640.73	6208.86
2643.43	6389.27
2646.12	6331.58
2648.81	6355.89
2651.49	6452.21
2654.18	6570.52
2656.86	6722.83
2659.53	6987.15
2662.21	7157.46
2664.88	7397.77
2667.54	7622.08
2670.21	7824.4
2672.87	7906.71
2675.53	7821.03
2678.19	7849.34
2680.84	7889.65
2683.49	7961.96
2686.14	7966.28
2688.78	8092.59
2691.42	8142.9
2694.06	8205.22
2696.7	8371.53
2699.33	8641.84
2701.96	8920.16
2704.58	9422.47
2707.21	9834.78
2709.83	10361.1
2712.44	10935.4
2715.06	11325.7
2717.67	11844
2720.28	12092.3
2722.88	12598.7
2725.49	13255
2728.09	13801.3
2730.68	14111.6
2733.28	14139.9
2735.87	13902.2
2738.45	13482.5
2741.04	12588.9
2743.62	12155.2
2746.2	11477.5
2748.78	10885.8
2751.35	10082.1
2753.92	9594.42
2756.48	9170.73
2759.05	8769.05
2761.61	8431.36
2764.16	8371.67
2766.72	8183.99
2769.27	8202.3
2771.82	8224.61
2774.36	8144.93
2776.91	8177.24
2779.45	8113.55
2781.98	8159.86
2784.52	8216.18
2787.05	8362.49
2789.58	8538.8
2792.1	8471.12
2794.62	8587.43
2797.14	8653.75
2799.66	8692.06
2802.17	8848.37
2804.68	9088.68
2807.19	9291
2809.69	9623.31
2812.19	10015.6
2814.69	10475.9
2817.18	11116.3
2819.67	11648.6
2822.16	12334.9
2824.65	13371.2
2827.13	13943.5
2829.61	14921.8
2832.09	16384.1
2834.56	18142.4
2837.03	20760.8
2839.5	24717.1
2841.96	31239.4
2844.43	40895.7
2846.88	53698
2849.34	67146.3
2851.79	76584.6
2854.24	81049
2856.69	82657.3
2859.13	83139.6
2861.57	82689.9
2864.01	82184.2
2866.44	83156.5
2868.87	87162.8
2871.3	95625.1
2873.73	103845
2876.15	104710
2878.57	99360.1
2880.99	92772.4
2883.4	88146.7
2885.81	86535
2888.22	86373.3
2890.62	87367.6
2893.02	89154
2895.42	90756.3
2897.82	92494.6
2900.21	95156.9
2902.6	97451.2
2904.99	100194
2907.37	103344
2909.75	106112
2912.13	108172
2914.5	109509
2916.87	111321
2919.24	111211
2921.6	111666
2923.97	112548
2926.32	114914
2928.68	120079
2931.04	127259
2933.38	136799
2935.73	145692
2938.07	152528
2940.42	149994
2942.75	139395
2945.09	124247
2947.42	110355
2949.75	99491.5
2952.08	92725.8
2954.4	88914.1
2956.72	87122.4
2959.03	85246.7
2961.35	83299
2963.66	80995.4
2965.97	76621.7
2968.27	71878
2970.57	66036.3
2972.87	60264.6
2975.17	54550.9
2977.46	48955.2
2979.75	44303.5
2982.04	39973.9
2984.32	36512.2
2986.6	33656.5
2988.88	31456.8
2991.15	29389.1
2993.42	27919.4
2995.69	26061.7
2997.96	24712.1
3000.22	23654.4
3002.48	22758.7
3004.73	21705
3006.99	20549.4
3009.24	19753.2
3011.48	18918.1
3013.73	18088.5
3015.97	17135.8
3018.21	16539.2
3020.44	15642.4
3022.67	14993.5
3024.9	14371.4
3027.13	13744.7
3029.35	13168.4
3031.57	12571.8
3033.79	11972.6
3036	11367.8
3038.21	10945.4
3040.42	10502.2
3042.63	10088.4
3044.83	9760.04
3047.03	9382.01
3049.22	9037.03
3051.41	8830.03
3053.6	8553.99
3055.79	8424.98
3057.97	8084.75
3060.15	7871.46
3062.33	7709.15
3064.5	7539.82
3066.68	7360.93
3068.42	7180.58
3070.87	7067.13
3073.33	6951.69
3075.78	6866.24
3078.23	6654.8
3080.67	6601.35
3083.11	6517.9
3085.55	6378.46
3087.99	6251.01
3090.43	6197.57
3092.86	6178.12
3095.29	6066.67
3097.72	5897.23
3100.14	5839.78
3102.56	5710.33
3104.98	5764.89
3107.4	5695.44
3109.81	5634
3112.22	5610.55
3114.63	5515.1
3117.03	5573.66
3119.44	5438.21
3121.84	5374.77
3124.23	5353.32
3126.63	5263.87
3129.02	5180.43
3131.41	5148.98
3133.8	5103.54
3136.18	4976.09
3138.56	4970.64
3140.94	5003.2
3143.32	4925.75
3145.69	4934.3
3148.06	4816.86
3150.43	4735.41
3152.8	4657.97
3155.16	4728.52
3157.52	4787.07
3159.88	4669.63
3162.23	4658.18
3164.58	4570.74
3166.93	4651.29
3169.28	4521.84
3171.62	4584.4
3173.96	4502.95
3176.3	4551.5
3178.64	4518.06
3180.97	4490.61
3183.3	4547.17
3185.63	4387.72
3187.95	4548.27
3190.28	4476.83
3192.59	4411.38
3194.91	4471.94
3197.23	4324.49
3199.54	4337.04
3201.84	4363.6
3204.15	4370.15
3206.45	4232.71
3208.76	4275.26
3211.05	4239.81
3213.35	4286.37
3215.64	4184.92
3217.93	4297.47
3220.22	4236.03
3222.5	4160.58
3224.78	4113.14
3227.06	4037.69
3229.34	4144.24
3231.61	4096.8
3233.88	3989.35
3236.15	4017.91
3238.42	3950.46
3240.68	4037.01
3242.94	3963.57
3245.2	3922.12
3247.45	3980.68
3249.7	3939.23
3251.95	3999.78
3254.2	3834.34
3256.44	3842.89
3258.68	3931.44
3260.92	3846
3263.15	3816.55
3265.39	3813.11
3267.62	3769.66
3269.84	3824.21
3272.07	3884.77
3274.29	3797.32
3276.51	3749.88
3278.73	3760.43
3280.94	3822.98
3283.15	3741.54
3285.36	3682.09
3287.56	3734.64
3289.77	3695.2
3291.97	3809.75
3294.16	3750.31
3296.36	3692.86
3298.55	3739.41
3300.74	3693.97
3302.92	3726.52
3305.11	3667.08
3307.29	3635.63
3309.47	3636.18
3311.64	3720.74
3313.81	3763.29
3315.99	3563.85
3318.15	3676.4
3320.32	3708.95
3322.48	3711.51
3324.64	3752.06
3326.79	3566.61
3328.94	3673.17
3331.1	3685.72
3333.24	3594.28
3335.39	3562.83
3337.53	3593.38
3339.67	3653.94
3341.81	3668.49
3343.94	3625.05
3346.07	3575.6
3348.2	3640.15
3350.33	3678.71
3352.45	3599.26
3354.57	3555.81
3356.69	3582.37
3358.8	3632.92
3360.92	3719.48
3363.02	3658.03
3365.13	3672.58
3367.24	3623.14
3369.34	3663.69
3371.43	3636.25
3373.53	3562.8
3375.62	3625.35
3377.71	3597.91
3379.8	3530.46
3381.88	3577.01
3383.97	3615.57
3386.05	3626.12
3388.12	3538.68
3390.2	3671.23
3392.27	3513.78
3394.33	3548.34
3396.4	3564.89
3398.46	3519.45
